0 0.408695 0.870261 0.036391 0.022614
0 0.031242 0.876795 0.035422 0.025182
0 0.247609 0.739443 0.014812 0.016250
0 0.976414 0.831023 0.024766 0.027773
2 0.647766 0.913136 0.096594 0.045455
2 0.520508 0.891261 0.110953 0.058341
6 0.165672 0.854477 0.007000 0.019636
2 0.626047 0.836420 0.077813 0.045932
6 0.349625 0.859216 0.004906 0.021886
6 0.312937 0.894432 0.005125 0.026409
6 0.601766 0.797216 0.007250 0.016205
6 0.870781 0.858420 0.006219 0.024205
6 0.743953 0.806341 0.006344 0.023409
6 0.253992 0.794284 0.006797 0.022841
6 0.167727 0.970580 0.009453 0.031977
6 0.914539 0.857080 0.012516 0.034705
6 0.411063 0.920727 0.006000 0.018818
6 0.362656 0.909330 0.008219 0.034114
6 0.225781 0.901284 0.008188 0.044114
0 0.314523 0.752761 0.023516 0.020068
6 0.167078 0.876830 0.005594 0.026114
0 0.220203 0.777920 0.020313 0.019159
0 0.964562 0.706784 0.012219 0.013250
6 0.490625 0.873864 0.978125 0.243182