2 0.249239 0.532023 0.498478 0.294391
6 0.703513 0.595305 0.092365 0.094891
6 0.211241 0.673039 0.104075 0.134641
6 0.076780 0.792219 0.153560 0.319094
6 0.595211 0.515422 0.038244 0.076563
6 0.668478 0.512148 0.055176 0.076016
6 0.748981 0.518563 0.057166 0.089562
6 0.925714 0.533563 0.073443 0.084906
6 0.543571 0.611898 0.098244 0.181391
6 0.870000 0.618141 0.077049 0.152688
6 0.833536 0.561453 0.063560 0.152750
3 0.928700 0.613320 0.091546 0.136953
3 0.803817 0.596898 0.041967 0.048859
6 0.977705 0.505039 0.037799 0.067609
6 0.045621 0.608047 0.085621 0.121781
6 0.901089 0.536430 0.051639 0.071859
6 0.676815 0.424219 0.327869 0.195312