6 0.409898 0.097781 0.065672 0.174271
6 0.145195 0.100406 0.039734 0.155813
6 0.295430 0.116813 0.049109 0.103833
6 0.354883 0.088781 0.041047 0.122396
6 0.437680 0.130719 0.034016 0.107854
6 0.463203 0.114521 0.044313 0.162125
6 0.487125 0.074844 0.037375 0.087604
6 0.566844 0.107500 0.032437 0.173583
6 0.609172 0.119792 0.025938 0.157625
15 0.503086 0.586521 0.709547 0.431458
6 0.594961 0.160073 0.016578 0.071646
6 0.673375 0.153281 0.005719 0.040813
6 0.523508 0.109969 0.048078 0.144521
6 0.846484 0.118896 0.024219 0.128375
6 0.448437 0.112500 0.893750 0.225000