0 0.037727 0.541004 0.073734 0.059707
0 0.872398 0.539446 0.037797 0.026883
0 0.928055 0.555879 0.057203 0.058787
0 0.879859 0.539812 0.044469 0.037866
0 0.903711 0.529142 0.025109 0.024937
0 0.910852 0.514686 0.026766 0.023724
0 0.952047 0.517165 0.021844 0.022657
1 0.525672 0.583337 0.785562 0.520272
7 0.744844 0.331632 0.015750 0.045649
0 0.849258 0.514990 0.023047 0.023159
0 0.970922 0.542866 0.050125 0.050335
1 0.036867 0.542008 0.073734 0.057071
7 0.900156 0.488169 0.009062 0.017636
7 0.984852 0.485063 0.006047 0.008661
7 0.766781 0.335805 0.020250 0.046506
0 0.838945 0.524184 0.021703 0.019582
1 0.950375 0.504843 0.079125 0.037259