0 0.990488 0.176219 0.019023 0.013875
3 0.606616 0.563047 0.479165 0.650219
6 0.928472 0.201172 0.055950 0.117594
6 0.186590 0.175258 0.074885 0.173422
6 0.290320 0.181539 0.073890 0.170703
6 0.324663 0.186086 0.036607 0.164109
6 0.562487 0.140930 0.043481 0.056828
6 0.564556 0.443820 0.526234 0.797766
6 0.858925 0.184141 0.013233 0.038250
6 0.516972 0.145727 0.032948 0.068172
6 0.415258 0.189141 0.062735 0.178687
6 0.365462 0.185633 0.053126 0.186078
6 0.810337 0.180258 0.053357 0.120703
6 0.239263 0.119883 0.036430 0.059609
0 0.951226 0.157383 0.097549 0.034922
6 0.118588 0.141297 0.045240 0.114937
6 0.465364 0.152344 0.909414 0.220312