0 0.849242 0.961375 0.301016 0.077250
6 0.617695 0.912854 0.062359 0.168542
6 0.272000 0.907177 0.063875 0.138604
0 0.224398 0.984156 0.334172 0.028896
24 0.239328 0.290802 0.078625 0.067187
24 0.565070 0.340823 0.056641 0.061479
24 0.823008 0.381292 0.051641 0.053125
6 0.416945 0.926844 0.054016 0.146313
6 0.817320 0.888771 0.053922 0.089000
6 0.747711 0.954146 0.097266 0.091708
6 0.920563 0.890385 0.054875 0.067062
6 0.307219 0.930010 0.055656 0.095521
6 0.481266 0.932625 0.050375 0.134750
6 0.928219 0.959781 0.100000 0.080354
6 0.192703 0.910771 0.096813 0.132292
6 0.846352 0.967094 0.071922 0.065812
6 0.984766 0.893896 0.030469 0.075792