3 0.947729 0.810662 0.104542 0.135245
1 0.498047 0.643791 0.995866 0.648137
6 0.350359 0.556732 0.046863 0.055948
16 0.501201 0.364379 0.022827 0.049444
16 0.543644 0.361879 0.025327 0.049444
16 0.522876 0.364992 0.021503 0.046814
16 0.815605 0.352475 0.019641 0.040768
16 0.779518 0.354608 0.017369 0.037288
16 0.556985 0.358382 0.007958 0.019412
16 0.602598 0.371789 0.018627 0.025605
16 0.512304 0.503211 0.007582 0.030310
16 0.537214 0.500605 0.009232 0.036275
16 0.583693 0.371650 0.021405 0.025882
16 0.700147 0.490261 0.007353 0.025556
16 0.608889 0.642386 0.007320 0.024379
0 0.918824 0.924706 0.162353 0.127059
16 0.842475 0.485065 0.008775 0.025327
16 0.637255 0.604575 0.395425 0.287582