2 0.576406 0.470781 0.741563 0.779771
2 0.952109 0.503687 0.092281 0.318750
6 0.156352 0.540510 0.026734 0.081646
6 0.148234 0.527906 0.013563 0.056604
6 0.294836 0.488708 0.111328 0.105833
6 0.498469 0.523021 0.039594 0.046625
6 0.540227 0.529344 0.043297 0.045979
6 0.104344 0.523104 0.021750 0.062667
7 0.191391 0.448042 0.030531 0.054000
1 0.178508 0.493146 0.085297 0.057417
6 0.407250 0.529312 0.019906 0.021667
6 0.530234 0.526958 0.013219 0.029375
7 0.032500 0.465021 0.009063 0.030458
6 0.595594 0.526833 0.012437 0.024208
6 0.055445 0.527042 0.025672 0.076417
1 0.053773 0.496865 0.106328 0.074771
6 0.116297 0.509042 0.005094 0.019625
6 0.630406 0.530781 0.012750 0.024437