0 0.063469 0.701745 0.039219 0.038560
3 0.941773 0.791607 0.045422 0.145429
2 0.274430 0.630332 0.262391 0.501108
6 0.698344 0.773670 0.038969 0.267285
6 0.667203 0.774945 0.053219 0.293989
6 0.821188 0.775693 0.049250 0.272715
6 0.445516 0.749751 0.030063 0.179557
6 0.861008 0.791717 0.051078 0.303435
6 0.861922 0.816662 0.065938 0.288892
6 0.279453 0.653463 0.052344 0.074958
6 0.548359 0.752507 0.041031 0.225734
6 0.587898 0.717452 0.032484 0.124266
6 0.511055 0.735000 0.026109 0.151496
6 0.465984 0.733199 0.016750 0.138089
0 0.025266 0.719820 0.046812 0.063130
0 0.020313 0.688518 0.040625 0.051607
6 0.530484 0.663920 0.016156 0.029889
6 0.485703 0.736787 0.034094 0.179003
6 0.481250 0.739612 0.190625 0.227147