0 0.428594 0.282909 0.128469 0.123341
0 0.671516 0.242336 0.101656 0.103879
0 0.841688 0.192021 0.076344 0.082967
0 0.960039 0.163026 0.079922 0.072921
6 0.126234 0.456180 0.246469 0.858435
6 0.765461 0.312675 0.136453 0.428248
6 0.326930 0.262921 0.017297 0.069860
6 0.299602 0.282453 0.021266 0.087430
6 0.567078 0.497745 0.242500 0.889650
6 0.412766 0.238995 0.012500 0.038832
6 0.984141 0.290129 0.029719 0.234556
6 0.905891 0.266857 0.084406 0.308014
0 0.479141 0.200000 0.036188 0.042336
0 0.620797 0.211811 0.052875 0.046238
0 0.681719 0.179182 0.099875 0.043832