0 0.631461 0.472166 0.046891 0.050422
2 0.514648 0.784110 0.272797 0.431358
2 0.106242 0.703091 0.174078 0.261967
2 0.343172 0.589028 0.118313 0.208173
6 0.720859 0.868735 0.114312 0.251850
6 0.496273 0.843817 0.107953 0.289883
2 0.632930 0.406827 0.098734 0.078852
6 0.746687 0.660304 0.014875 0.125105
6 0.948180 0.728267 0.046297 0.187963
6 0.517766 0.495222 0.016656 0.090164
6 0.585875 0.444672 0.017312 0.061710
6 0.551414 0.892225 0.060672 0.215550
4 0.719555 0.550105 0.034016 0.050984
2 0.233625 0.671651 0.081781 0.234637
2 0.287000 0.621206 0.086625 0.227190
2 0.425180 0.529227 0.081797 0.135691
2 0.432500 0.490480 0.078000 0.130749
2 0.460617 0.482471 0.074047 0.131639
2 0.575742 0.410094 0.048109 0.074988
2 0.547438 0.443279 0.054000 0.099063
6 0.634484 0.927845 0.084500 0.144309
6 0.630586 0.593946 0.015641 0.021335
0 0.606547 0.516874 0.061750 0.076604
0 0.663289 0.478244 0.029703 0.061218
0 0.654156 0.430141 0.039438 0.035457
0 0.645727 0.339379 0.016953 0.007330
0 0.478891 0.484215 0.052875 0.124731
0 0.633016 0.490281 0.048094 0.045621
1 0.632125 0.480304 0.044531 0.065059
1 0.716812 0.511112 0.076312 0.116651
1 0.652719 0.434297 0.034906 0.032201
1 0.693320 0.388677 0.031109 0.046300
6 0.790234 0.606487 0.034344 0.140703
6 0.778312 0.624520 0.026687 0.059157
6 0.776305 0.679426 0.021672 0.103349
2 0.384930 0.542237 0.096203 0.136323