6 0.239680 0.192240 0.093047 0.376354
6 0.780922 0.329656 0.050250 0.086646
6 0.552664 0.328458 0.034641 0.048042
6 0.587914 0.320625 0.018359 0.033042
6 0.105453 0.274073 0.028562 0.081312
6 0.070258 0.287062 0.046047 0.070167
6 0.838359 0.334396 0.047250 0.088208
6 0.460609 0.329125 0.021250 0.038542
6 0.692953 0.327958 0.053688 0.073833
6 0.520937 0.325104 0.034844 0.050333
9 0.097766 0.449156 0.195531 0.300646
6 0.945766 0.343187 0.018844 0.033708
6 0.135445 0.272177 0.040453 0.078604
6 0.370016 0.233406 0.117750 0.290104
6 0.856250 0.323958 0.271875 0.135417