0 0.170500 0.657743 0.104438 0.194017
2 0.449500 0.455054 0.362531 0.721339
2 0.061297 0.506177 0.122594 0.534946
4 0.767430 0.882883 0.156422 0.150907
4 0.697867 0.690875 0.034828 0.098683
6 0.527906 0.260205 0.073594 0.134363
6 0.475039 0.211803 0.078484 0.159849
6 0.397719 0.262570 0.091281 0.133996
6 0.909617 0.793380 0.180766 0.410994
6 0.502344 0.729222 0.146312 0.397754
6 0.535672 0.734838 0.089406 0.395508
6 0.623461 0.576523 0.116766 0.107084
6 0.756766 0.721080 0.067312 0.275896
6 0.811562 0.708510 0.222906 0.303197
2 0.199867 0.562408 0.167703 0.313585
1 0.273539 0.624158 0.029016 0.201490
7 0.663156 0.457775 0.021469 0.098747
6 0.332422 0.258045 0.061563 0.138898
6 0.813047 0.617711 0.041844 0.067084
6 0.431078 0.187181 0.050875 0.108747
6 0.599945 0.742700 0.203109 0.385270
4 0.811195 0.708693 0.044984 0.101706