8 0.760859 0.405264 0.126469 0.192854
8 0.990586 0.365032 0.018828 0.162156
6 0.314945 0.528647 0.058734 0.284271
6 0.114523 0.582378 0.079578 0.378245
6 0.610273 0.545137 0.077422 0.368499
6 0.151375 0.546533 0.081687 0.321395
6 0.557203 0.509429 0.068094 0.292135
0 0.939859 0.423679 0.032594 0.033150
0 0.325695 0.480359 0.131797 0.123467
6 0.423172 0.522537 0.075906 0.271670
8 0.734812 0.229366 0.141469 0.195560
8 0.835273 0.272304 0.091266 0.229514
8 0.891250 0.196543 0.065437 0.196892
8 0.941977 0.284841 0.116047 0.191924
8 0.857773 0.395412 0.041797 0.112347
8 0.925430 0.163277 0.030922 0.078140
0 0.897859 0.422970 0.024000 0.029535
6 0.204531 0.531702 0.061750 0.311776
8 0.985156 0.639006 0.029687 0.230994