6 0.728609 0.493255 0.516969 0.973021
6 0.682680 0.566296 0.612422 0.844951
20 0.227734 0.387583 0.192812 0.295244
20 0.277344 0.605331 0.068906 0.050585
20 0.173781 0.751696 0.062719 0.077700
20 0.222195 0.874610 0.070609 0.095848
20 0.297750 0.868606 0.067906 0.089961
20 0.122156 0.978879 0.069719 0.042242
20 0.215344 0.964064 0.038937 0.059006
20 0.290430 0.748060 0.068703 0.093509
20 0.202031 0.635789 0.068125 0.071618
20 0.148969 0.862710 0.063375 0.095478
20 0.115148 0.861871 0.051828 0.078830
20 0.345906 0.856316 0.037312 0.070760