0 0.044016 0.809682 0.085062 0.360354
1 0.384102 0.589894 0.768203 0.784269
6 0.809070 0.670767 0.117609 0.313561
6 0.880930 0.645601 0.092891 0.385212
6 0.784086 0.564505 0.030703 0.173632
6 0.685859 0.524304 0.031750 0.050873
6 0.652492 0.533302 0.058547 0.134104
6 0.774492 0.491875 0.024266 0.057476
6 0.723062 0.540778 0.047438 0.113443
6 0.804406 0.547606 0.043844 0.154835
6 0.698359 0.485083 0.023250 0.031344
1 0.964961 0.631509 0.070078 0.453113
6 0.765461 0.586097 0.033641 0.167759
6 0.695141 0.583656 0.027750 0.090613