10 0.361310 0.780806 0.441500 0.345449
0 0.576960 0.512102 0.245360 0.118000
0 0.870270 0.527541 0.205500 0.082755
6 0.068670 0.502908 0.133340 0.380959
6 0.447990 0.628398 0.148820 0.177000
6 0.879510 0.633490 0.162620 0.189429
6 0.612450 0.629265 0.191180 0.184163
6 0.852640 0.506408 0.089200 0.167959
21 0.332600 0.588643 0.105840 0.092388
21 0.085180 0.612500 0.067280 0.152020
6 0.778200 0.486755 0.036160 0.068939
6 0.295770 0.617122 0.180980 0.189184
6 0.211350 0.501010 0.127620 0.383857
6 0.968910 0.583714 0.062180 0.278367
0 0.413440 0.519143 0.091120 0.084122
0 0.951770 0.508286 0.059900 0.076980
0 0.734350 0.530633 0.080060 0.071347