7 0.091719 0.106992 0.043812 0.117121
6 0.552930 0.693458 0.059297 0.095193
4 0.594641 0.608599 0.038625 0.123522
4 0.648609 0.607249 0.041344 0.129049
0 0.146039 0.783149 0.152766 0.178843
0 0.705805 0.553573 0.055891 0.067558
0 0.634031 0.757853 0.127000 0.195141
0 0.937969 0.756581 0.119406 0.133676
0 0.815586 0.722815 0.050234 0.086761
2 0.109445 0.310244 0.035141 0.056324
0 0.451281 0.764730 0.116625 0.225347
0 0.762867 0.714473 0.080891 0.059743
0 0.893273 0.721877 0.108078 0.171928
0 0.338148 0.772429 0.047359 0.166967
0 0.390430 0.756465 0.094578 0.212108
0 0.756984 0.764010 0.092750 0.109717
0 0.530141 0.398149 0.062250 0.089254
3 0.554539 0.816787 0.048953 0.100668
7 0.804805 0.416247 0.039172 0.154396
0 0.989766 0.710938 0.020469 0.047121
7 0.099359 0.240977 0.051406 0.066170
6 0.522828 0.676080 0.031844 0.076478
3 0.513602 0.815951 0.038391 0.110514
0 0.170313 0.320051 0.081250 0.048843