21 0.041414 0.480303 0.080547 0.219478
21 0.116977 0.383737 0.095516 0.145052
21 0.250555 0.461524 0.053734 0.099791
21 0.119977 0.644687 0.093641 0.176430
17 0.533516 0.395511 0.079188 0.154113
17 0.368953 0.955658 0.072406 0.088225
17 0.398352 0.478674 0.047453 0.091795
17 0.660320 0.340678 0.029703 0.046994
17 0.549727 0.343716 0.177953 0.223925
17 0.562125 0.223643 0.019125 0.042693
19 0.504562 0.530344 0.141281 0.080898
19 0.589430 0.637965 0.066266 0.055637
19 0.621609 0.488382 0.052344 0.033340
6 0.384336 0.448215 0.240016 0.283403
6 0.478078 0.221420 0.122781 0.208977
6 0.756984 0.666670 0.235812 0.666660
6 0.191648 0.602359 0.200141 0.350522
6 0.087266 0.750000 0.174531 0.500000
6 0.760945 0.311117 0.075766 0.116681
6 0.712180 0.262630 0.111641 0.250939
6 0.356227 0.279228 0.130016 0.221420
6 0.052227 0.141159 0.103734 0.222526
6 0.239266 0.241482 0.144156 0.264635
6 0.866648 0.791013 0.266703 0.395511
21 0.065586 0.272056 0.048484 0.060981
21 0.955719 0.566660 0.088562 0.112025
17 0.257500 0.816743 0.076437 0.130522
17 0.547766 0.461691 0.046250 0.087432
17 0.522109 0.647797 0.044719 0.093507
17 0.586094 0.249666 0.026094 0.037996
17 0.653297 0.297150 0.019969 0.027495
17 0.668461 0.238090 0.019328 0.028038
19 0.461953 0.396148 0.063625 0.025532
19 0.593617 0.393622 0.074609 0.050251
19 0.665687 0.381712 0.050250 0.026096
19 0.194563 0.055397 0.041219 0.109624
19 0.759156 0.741169 0.086187 0.045637
19 0.256844 0.523058 0.051719 0.082610
19 0.123484 0.772516 0.045250 0.061608
19 0.443945 0.473152 0.045484 0.036994
19 0.649469 0.284050 0.056844 0.024342
21 0.911734 0.505188 0.097188 0.179228
21 0.501219 0.488956 0.997500 0.490564
21 0.357719 0.357432 0.043938 0.063507
6 0.751289 0.042046 0.071547 0.084092
6 0.864500 0.289614 0.271000 0.579228
17 0.574086 0.436086 0.023016 0.040981
21 0.426367 0.286524 0.026641 0.091002
17 0.369531 0.331942 0.739062 0.647182