3 0.702648 0.680329 0.185141 0.272329
8 0.931266 0.224035 0.137469 0.175271
6 0.166758 0.668165 0.154859 0.609882
6 0.473516 0.451871 0.063563 0.085388
6 0.239953 0.516600 0.048594 0.245012
6 0.050039 0.521235 0.032516 0.202941
6 0.293445 0.534235 0.046766 0.252376
6 0.026055 0.434106 0.034047 0.078612
6 0.015938 0.557000 0.029406 0.280729
6 0.254258 0.428388 0.018203 0.034612
6 0.693328 0.550294 0.135594 0.363224
6 0.805516 0.541706 0.080406 0.352024
6 0.081164 0.540741 0.063953 0.316071
0 0.410938 0.614118 0.265625 0.324706
3 0.554781 0.595835 0.145500 0.198541
6 0.877164 0.518224 0.115109 0.454565
6 0.585086 0.443835 0.049547 0.108518
6 0.538281 0.471765 0.864062 0.237647