15 0.505437 0.571910 0.567219 0.635943
15 0.148461 0.305177 0.120859 0.148656
6 0.153641 0.248844 0.059469 0.075425
6 0.774422 0.348325 0.047187 0.193821
6 0.811141 0.086733 0.031031 0.107429
6 0.826125 0.075778 0.017781 0.111509
6 0.807930 0.336557 0.050484 0.159858
6 0.785117 0.246108 0.043078 0.110472
6 0.825141 0.261899 0.037625 0.187241
6 0.844906 0.299116 0.027437 0.241250
6 0.871102 0.477311 0.073547 0.345896
6 0.804195 0.607064 0.074891 0.345684
6 0.310766 0.141686 0.041469 0.053892
10 0.945453 0.526085 0.072813 0.112406
6 0.813281 0.424953 0.068125 0.142170
15 0.288172 0.143502 0.058688 0.046203