3 0.474523 0.616862 0.706172 0.712365
6 0.938750 0.051745 0.014250 0.023583
6 0.186062 0.270117 0.086469 0.321967
6 0.341805 0.179461 0.073734 0.220094
6 0.512813 0.524532 0.293687 0.812623
6 0.423156 0.197377 0.089250 0.229227
6 0.501914 0.196710 0.089203 0.221007
6 0.136086 0.247330 0.061859 0.349227
6 0.927594 0.275117 0.089406 0.324754
6 0.093156 0.267494 0.096750 0.339953
6 0.774375 0.217974 0.051000 0.206019
6 0.844453 0.225562 0.115187 0.387892
6 0.018742 0.476838 0.037484 0.195504
6 0.279430 0.266054 0.072297 0.336651
6 0.500000 0.279859 0.996875 0.555035