0 0.080828 0.618852 0.110625 0.074426
0 0.975062 0.645632 0.049875 0.091546
0 0.179906 0.623759 0.112312 0.071499
2 0.525508 0.595515 0.571234 0.242693
6 0.575320 0.565094 0.010047 0.027939
6 0.530078 0.557881 0.037406 0.033841
6 0.483211 0.553548 0.011297 0.024052
1 0.813688 0.643080 0.088344 0.104614
6 0.600375 0.567365 0.013312 0.018806
6 0.381984 0.551745 0.019687 0.029859
1 0.899969 0.640597 0.133031 0.101803
6 0.344883 0.549098 0.017609 0.032623
1 0.034984 0.608290 0.069969 0.091194
8 0.314469 0.581464 0.022437 0.036511