16 0.513539 0.481376 0.008141 0.037106
6 0.453648 0.683906 0.122359 0.582024
6 0.250531 0.675824 0.257437 0.601953
18 0.893719 0.665365 0.101844 0.086494
18 0.783797 0.618012 0.024969 0.019741
18 0.377844 0.578176 0.032844 0.042141
21 0.881656 0.588953 0.035344 0.060024
21 0.855312 0.552000 0.034281 0.083247
21 0.968406 0.545047 0.009594 0.018612
21 0.901320 0.591576 0.020078 0.063435
21 0.950437 0.560918 0.012719 0.014118
17 0.079703 0.776753 0.028719 0.059906
17 0.882672 0.836659 0.036031 0.031624
17 0.867453 0.879776 0.021344 0.053435
17 0.924242 0.854459 0.010078 0.033529
17 0.933336 0.848682 0.005672 0.026259
17 0.879031 0.815565 0.016156 0.026753
17 0.914109 0.935129 0.026281 0.054024
17 0.913125 0.899565 0.041188 0.057576
17 0.888813 0.874000 0.013625 0.051435
17 0.916992 0.856765 0.010328 0.036965
17 0.944281 0.842788 0.009688 0.027976
21 0.953898 0.618235 0.036922 0.099906
21 0.875812 0.564929 0.022312 0.046047
17 0.956008 0.868294 0.005391 0.029529
17 0.903977 0.862506 0.008672 0.035553
21 0.899789 0.553082 0.025516 0.048047
21 0.957680 0.545059 0.012703 0.023341
17 0.853125 0.752941 0.212500 0.395294