2 0.672766 0.622000 0.080063 0.124542
2 0.885953 0.633333 0.228094 0.229208
6 0.480555 0.614240 0.018359 0.053979
6 0.554414 0.625188 0.013828 0.034542
6 0.619094 0.643927 0.018719 0.071563
6 0.761789 0.653135 0.014359 0.088146
6 0.778945 0.656094 0.021453 0.095104
6 0.598531 0.641021 0.017563 0.051083
6 0.593000 0.633781 0.010281 0.035937
6 0.573828 0.629208 0.011688 0.035958
6 0.611844 0.634094 0.012375 0.041521
6 0.725609 0.660219 0.040000 0.134896
6 0.418586 0.617031 0.016641 0.070813
6 0.544609 0.636042 0.014938 0.043333
6 0.633000 0.636917 0.006281 0.035333
6 0.318750 0.641667 0.634375 0.137500