0 0.448766 0.703860 0.027906 0.047494
0 0.409273 0.692246 0.016453 0.030451
0 0.398336 0.689650 0.012359 0.024853
3 0.515062 0.799458 0.040031 0.111512
6 0.512609 0.761354 0.049688 0.122889
6 0.530008 0.708702 0.016266 0.043093
6 0.367617 0.729266 0.027547 0.103905
6 0.086469 0.716433 0.050938 0.180045
6 0.014953 0.744944 0.029906 0.193725
6 0.325180 0.697641 0.009672 0.042370
6 0.336422 0.696061 0.014500 0.022957
0 0.433320 0.700226 0.018047 0.036117
6 0.248430 0.715169 0.026859 0.104379
6 0.893977 0.797619 0.041578 0.128962
6 0.214281 0.646749 0.022844 0.053499
0 0.388039 0.686919 0.015516 0.025395
0 0.421148 0.697664 0.017578 0.033837
3 0.488820 0.728567 0.039922 0.052935
3 0.556508 0.765135 0.027797 0.049323
3 0.641477 0.765350 0.082984 0.120451
3 0.613766 0.755418 0.081688 0.091693
3 0.585008 0.754819 0.059391 0.082957
6 0.476148 0.700124 0.015609 0.022009
0 0.354672 0.680722 0.016406 0.017427
0 0.369234 0.683296 0.010719 0.014537
6 0.462406 0.711637 0.014125 0.069729
6 0.920969 0.673273 0.017781 0.016569