21 0.612641 0.490176 0.081375 0.203911
21 0.145367 0.407658 0.069109 0.188571
6 0.290789 0.417752 0.091516 0.201639
6 0.184258 0.385258 0.087391 0.290609
6 0.704406 0.535913 0.073406 0.339930
6 0.223875 0.307482 0.050250 0.138431
6 0.633016 0.205363 0.025812 0.036487
15 0.230141 0.621347 0.388313 0.415714
6 0.714531 0.213185 0.021375 0.021546
6 0.733250 0.221604 0.015062 0.029813
9 0.613625 0.474040 0.080156 0.164052
15 0.629953 0.664578 0.390906 0.305176
6 0.801094 0.235902 0.012688 0.037564
6 0.813477 0.238326 0.010609 0.029813
9 0.190500 0.409075 0.151250 0.191874
6 0.843711 0.252119 0.011109 0.046066
6 0.849672 0.247424 0.007437 0.048150