6 0.944602 0.797198 0.109766 0.405604
15 0.629500 0.378656 0.150000 0.141563
15 0.243508 0.537667 0.201891 0.142458
15 0.441422 0.748125 0.882844 0.381167
15 0.693797 0.350688 0.096531 0.124833
15 0.807789 0.567281 0.090234 0.088021
15 0.802555 0.379219 0.094859 0.133063
15 0.548938 0.347969 0.027219 0.066146
15 0.504398 0.340792 0.075672 0.124833
15 0.460516 0.297802 0.113844 0.114271
15 0.976086 0.592719 0.047828 0.173813
15 0.452344 0.620135 0.064531 0.069729
15 0.374680 0.283135 0.089828 0.099646
6 0.261039 0.784417 0.101297 0.363625