0 0.942219 0.262168 0.115563 0.091641
0 0.741172 0.276348 0.169094 0.095625
0 0.645102 0.276367 0.150953 0.105273
6 0.761523 0.660166 0.395516 0.657715
6 0.456234 0.749375 0.214781 0.501250
6 0.371172 0.663291 0.331531 0.648652
9 0.299555 0.901943 0.595516 0.172637
0 0.850281 0.267051 0.197656 0.096250
0 0.062375 0.262236 0.068906 0.078691
0 0.009328 0.273467 0.018656 0.054473
9 0.847102 0.858682 0.304703 0.282637
21 0.498875 0.691016 0.997750 0.586523
0 0.195688 0.276055 0.158375 0.134922
0 0.501406 0.274482 0.078875 0.097324
0 0.090375 0.272725 0.099281 0.110879