16 0.767375 0.626557 0.052469 0.067354
16 0.880797 0.622272 0.049656 0.073115
16 0.780547 0.598770 0.012844 0.036464
16 0.789492 0.638560 0.030766 0.045738
16 0.742750 0.629778 0.051812 0.064707
6 0.448055 0.523700 0.173203 0.593677
6 0.279633 0.521827 0.191703 0.745902
6 0.134023 0.474567 0.178734 0.567119
20 0.635891 0.694016 0.148938 0.263630
20 0.421305 0.679766 0.170922 0.496628
16 0.592164 0.513220 0.011141 0.091593
6 0.220211 0.506897 0.086109 0.504333
18 0.809852 0.723782 0.153297 0.187986
6 0.034953 0.463349 0.069906 0.400656
6 0.266586 0.281956 0.028016 0.038478
6 0.074047 0.308735 0.043406 0.094988