1 0.509234 0.819000 0.890938 0.362000
6 0.013031 0.791396 0.020063 0.113167
6 0.088766 0.789583 0.019781 0.093917
6 0.036531 0.787167 0.023438 0.109000
6 0.109062 0.764969 0.026750 0.044937
6 0.236398 0.745292 0.017547 0.021750
6 0.258430 0.741885 0.018922 0.028854
0 0.971211 0.885708 0.057578 0.190042
7 0.220859 0.357625 0.028281 0.089500
7 0.145438 0.635219 0.024719 0.068021
6 0.295805 0.744115 0.018203 0.018396
6 0.322867 0.745375 0.015984 0.018542
6 0.183953 0.747781 0.014406 0.021937
6 0.222305 0.749083 0.018422 0.020750
6 0.398008 0.740802 0.013516 0.022729
6 0.862234 0.724823 0.012531 0.029813
6 0.409398 0.741865 0.010891 0.020187
7 0.105430 0.632177 0.029391 0.076979
6 0.205469 0.752083 0.289062 0.062500