0 0.496039 0.971358 0.032984 0.020749
0 0.442406 0.987787 0.125531 0.024426
0 0.455266 0.990293 0.027250 0.019133
0 0.420289 0.974789 0.040484 0.044941
0 0.573945 0.973009 0.112172 0.053841
2 0.556984 0.911230 0.133437 0.164052
6 0.032047 0.943712 0.058500 0.112576
6 0.790063 0.973759 0.028281 0.052482
6 0.666852 0.977799 0.017516 0.043185
6 0.641930 0.979251 0.018422 0.041499
6 0.111234 0.969520 0.032438 0.060960
6 0.694594 0.980070 0.026625 0.039859
6 0.681719 0.979473 0.010156 0.041054
6 0.251875 0.981311 0.022187 0.037377
6 0.201023 0.980539 0.028828 0.038923
6 0.216883 0.985597 0.014359 0.028806
0 0.459742 0.966499 0.041547 0.051733
6 0.324586 0.983478 0.015141 0.033044
8 0.200070 0.408103 0.107547 0.143419