6 0.159422 0.972418 0.011781 0.052817
6 0.212813 0.975669 0.021469 0.048662
6 0.058289 0.972124 0.070078 0.055751
6 0.425555 0.968920 0.017609 0.062160
6 0.474242 0.986244 0.015516 0.024366
6 0.499758 0.971925 0.016484 0.056150
6 0.544672 0.979742 0.018781 0.040516
6 0.600742 0.978087 0.012141 0.041948
6 0.649711 0.987617 0.010016 0.019883
6 0.768297 0.987441 0.018906 0.025117
6 0.134023 0.967829 0.009984 0.040070
6 0.178391 0.970423 0.016063 0.057042
1 0.380703 0.962782 0.051438 0.039131
6 0.250234 0.950646 0.012750 0.024343
6 0.446875 0.955399 0.818750 0.084507