16 0.663734 0.523469 0.020844 0.094479
16 0.297234 0.497844 0.016781 0.071771
16 0.681438 0.535781 0.021687 0.098187
16 0.649969 0.551250 0.026750 0.072125
16 0.637813 0.526062 0.016219 0.068667
16 0.622617 0.543094 0.029578 0.092438
16 0.550680 0.483063 0.007453 0.038708
16 0.544109 0.479010 0.008250 0.043354
16 0.584742 0.443740 0.009703 0.048104
6 0.142156 0.508448 0.060719 0.277271
9 0.489906 0.703385 0.254594 0.320104
18 0.651594 0.557448 0.101063 0.082771
16 0.283578 0.504729 0.012406 0.053625
16 0.273672 0.504042 0.007000 0.030667
16 0.313609 0.517510 0.012750 0.044146
16 0.604430 0.442750 0.010703 0.046750
16 0.445312 0.431250 0.437500 0.229167