12 0.356203 0.705871 0.701031 0.567459
16 0.852977 0.516165 0.036984 0.176235
4 0.099469 0.524506 0.038688 0.070471
4 0.178352 0.502412 0.034297 0.032541
6 0.402500 0.523035 0.214125 0.689459
6 0.837344 0.464059 0.145938 0.257294
6 0.180742 0.466918 0.049828 0.122024
6 0.136742 0.484212 0.020641 0.119200
6 0.110055 0.485835 0.041578 0.134212
6 0.018969 0.494176 0.037719 0.167788
6 0.711398 0.615153 0.084672 0.607859
6 0.661953 0.381282 0.041937 0.079459
6 0.537383 0.412353 0.027453 0.086494
6 0.934086 0.448506 0.131391 0.231129
1 0.231867 0.487765 0.064203 0.092565
6 0.767266 0.448306 0.091563 0.302071
6 0.150711 0.490941 0.012328 0.059671
6 0.220148 0.451306 0.010078 0.040918
0 0.395766 0.378306 0.030625 0.018776
6 0.510938 0.403529 0.762500 0.181176