0 0.507203 0.327951 0.469187 0.341944
0 0.764844 0.300304 0.088281 0.136066
0 0.839094 0.300222 0.105500 0.123255
3 0.589219 0.542693 0.473781 0.617986
6 0.566969 0.447506 0.133656 0.535152
6 0.078617 0.270679 0.041297 0.203513
6 0.123680 0.280246 0.040234 0.197119
6 0.042359 0.259028 0.045188 0.144988
6 0.056586 0.178454 0.016297 0.051382
6 0.861313 0.236393 0.026250 0.048384
6 0.913516 0.259098 0.030813 0.093981
6 0.886648 0.240410 0.020734 0.069578
6 0.959555 0.224075 0.022328 0.035550
6 0.929398 0.237412 0.018984 0.068501
0 0.954414 0.294555 0.091172 0.118244
6 0.899273 0.221593 0.011328 0.017330
6 0.872133 0.238267 0.015453 0.049321
4 0.023500 0.305375 0.045687 0.100726