1 0.433055 0.727293 0.779672 0.340044
6 0.462414 0.374814 0.075516 0.251332
6 0.527969 0.371212 0.078344 0.265742
6 0.596688 0.366627 0.085875 0.268624
6 0.667852 0.348210 0.083016 0.264236
6 0.251531 0.403908 0.062656 0.249651
6 0.196352 0.403941 0.067547 0.270459
6 0.885836 0.713570 0.038141 0.129236
6 0.866000 0.694039 0.025594 0.095371
1 0.035383 0.808614 0.070766 0.220240
7 0.567109 0.580251 0.018562 0.028362
6 0.741023 0.660590 0.019047 0.047031
6 0.344430 0.401037 0.070203 0.245218
6 0.108313 0.415262 0.084031 0.204629
6 0.842133 0.695731 0.020891 0.090328
6 0.402305 0.378952 0.079953 0.285852
6 0.592187 0.351528 0.675000 0.563319