0 0.100664 0.298103 0.006109 0.011850
5 0.567789 0.431663 0.802391 0.509180
6 0.130734 0.733630 0.015563 0.041499
6 0.790133 0.690902 0.011953 0.046581
6 0.119742 0.567658 0.011203 0.035831
0 0.052602 0.306511 0.012984 0.016487
0 0.021188 0.312201 0.015594 0.009461
1 0.167773 0.678489 0.126859 0.079789
5 0.315938 0.143876 0.091281 0.054918
5 0.100914 0.157752 0.066922 0.050539
5 0.581719 0.117377 0.056219 0.032178
5 0.520250 0.158431 0.062969 0.029227
5 0.663859 0.111487 0.053250 0.028923
1 0.496297 0.266581 0.031875 0.024637
1 0.081734 0.300995 0.015281 0.019836
1 0.101297 0.296230 0.031969 0.025386
1 0.364109 0.261850 0.027062 0.020937
0 0.038633 0.306838 0.016078 0.013677
0 0.080828 0.300316 0.013469 0.018337
0 0.093195 0.300035 0.012016 0.014309
1 0.117812 0.288525 0.026719 0.016066
1 0.052062 0.301944 0.014437 0.023794
5 0.633875 0.123618 0.034875 0.016932
5 0.771766 0.112822 0.045812 0.016511