21 0.604520 0.439660 0.144400 0.086200
16 0.205620 0.943630 0.056600 0.107220
23 0.500780 0.528170 0.498520 0.434900
17 0.136760 0.108050 0.106080 0.048780
17 0.133520 0.074150 0.088400 0.032900
17 0.143880 0.180620 0.131640 0.112920
17 0.227580 0.141890 0.044280 0.127740
17 0.220520 0.078330 0.059960 0.051660
17 0.128960 0.032620 0.064000 0.022040
17 0.036170 0.109470 0.063580 0.059660
23 0.625140 0.879450 0.243800 0.235780
6 0.429410 0.893590 0.145900 0.204140
16 0.143730 0.933030 0.067700 0.129460
17 0.213790 0.053290 0.068260 0.036900
17 0.038820 0.076830 0.073640 0.051340
17 0.043990 0.050720 0.077460 0.033360
17 0.029920 0.180960 0.050520 0.112440
18 0.804120 0.660870 0.110080 0.042180
18 0.899170 0.669350 0.054580 0.022060
18 0.969420 0.674250 0.054840 0.030060
18 0.053910 0.034570 0.065940 0.031500
16 0.231160 0.864170 0.034600 0.037780
16 0.186530 0.856310 0.039860 0.033620
16 0.142990 0.876190 0.048860 0.060620
17 0.346550 0.907200 0.020180 0.031000
17 0.131350 0.050240 0.073100 0.027320
17 0.131000 0.027000 0.230000 0.030000