3 0.349609 0.615687 0.482500 0.465000
2 0.278094 0.379781 0.556187 0.687646
6 0.283992 0.530333 0.143266 0.624708
6 0.604766 0.456240 0.141656 0.500062
6 0.913359 0.434948 0.121312 0.340104
6 0.763594 0.334865 0.100500 0.172146
6 0.028563 0.495167 0.057125 0.510583
6 0.945016 0.446260 0.075563 0.292479
1 0.279148 0.258969 0.558297 0.459646
6 0.710328 0.207687 0.008906 0.022667
6 0.015773 0.293000 0.031453 0.084208
6 0.983789 0.353875 0.027109 0.116167
6 0.879156 0.263427 0.025313 0.044354
3 0.738789 0.551729 0.316078 0.486458