2 0.668266 0.501353 0.502531 0.923761
6 0.163273 0.720413 0.052984 0.275917
6 0.267711 0.572959 0.047859 0.122202
6 0.207156 0.697557 0.051500 0.270023
6 0.163875 0.560493 0.034406 0.110986
6 0.118023 0.729025 0.056703 0.275573
6 0.710367 0.532339 0.102828 0.266743
6 0.622141 0.584702 0.077000 0.226651
6 0.961883 0.429931 0.015453 0.042569
6 0.255266 0.708154 0.063313 0.276399
6 0.063328 0.729931 0.045625 0.294450
6 0.134820 0.559828 0.037328 0.149335
6 0.309609 0.528108 0.032125 0.158739
0 0.931188 0.544495 0.043313 0.130092
6 0.330055 0.483200 0.018266 0.039151
6 0.498437 0.481651 0.996875 0.784404