21 0.554898 0.884281 0.031672 0.061108
21 0.658570 0.876344 0.032672 0.058774
21 0.734289 0.874894 0.030453 0.061675
21 0.498328 0.886050 0.036219 0.061816
21 0.794906 0.881639 0.032781 0.056627
4 0.088648 0.849788 0.062484 0.060896
0 0.027453 0.814599 0.054906 0.082170
0 0.914617 0.889882 0.170766 0.193255
4 0.101250 0.843844 0.059688 0.061698
4 0.127453 0.843137 0.037969 0.035330
0 0.109648 0.798998 0.044078 0.049458
0 0.134398 0.782429 0.027547 0.023868
7 0.562008 0.121356 0.055078 0.215731
6 0.379641 0.838903 0.022812 0.129222
6 0.613617 0.866238 0.053359 0.087665
6 0.343789 0.861840 0.028641 0.096792
6 0.205508 0.824658 0.035922 0.049835
6 0.764688 0.838573 0.020094 0.038750
6 0.787531 0.859682 0.032313 0.095212
7 0.389039 0.632571 0.030641 0.094528
21 0.544836 0.878573 0.033578 0.063184
21 0.600750 0.874304 0.032437 0.067288
21 0.482891 0.876144 0.009031 0.059693
6 0.517398 0.814847 0.026734 0.069363
6 0.493813 0.819269 0.031062 0.075708
6 0.888008 0.843986 0.019891 0.035802
6 0.618320 0.838585 0.027922 0.042123
6 0.500633 0.846792 0.027609 0.047689
0 0.595227 0.814917 0.061203 0.026722
10 0.329883 0.890590 0.023859 0.032972
21 0.761430 0.880719 0.010703 0.017382