4 0.767176 0.697852 0.465647 0.582797
4 0.231388 0.447820 0.219529 0.309984
0 0.765165 0.246039 0.469671 0.230422
0 0.301282 0.145453 0.113576 0.055063
2 0.126306 0.131578 0.251012 0.127937
6 0.651541 0.234734 0.170518 0.402469
6 0.802271 0.301984 0.250047 0.468500
6 0.495388 0.214852 0.141882 0.234266
6 0.425141 0.130773 0.037012 0.052391
6 0.300412 0.126117 0.051318 0.038859
6 0.387965 0.135125 0.048071 0.061312
6 0.855435 0.098305 0.024329 0.062141
6 0.892847 0.103125 0.038447 0.064687
6 0.044341 0.480828 0.088682 0.259062
3 0.395624 0.162648 0.049741 0.043047
3 0.433482 0.158344 0.031153 0.039188
3 0.304141 0.159711 0.043388 0.037672
1 0.670353 0.139102 0.282541 0.162672