6 0.114680 0.438040 0.106000 0.137467
6 0.846030 0.355547 0.097740 0.134347
6 0.139890 0.270093 0.033700 0.038213
6 0.834110 0.215600 0.023500 0.023253
6 0.891700 0.301680 0.034840 0.039893
6 0.663660 0.119747 0.011400 0.042693
6 0.153010 0.271040 0.022940 0.033333
6 0.442500 0.177160 0.011000 0.015653
6 0.969300 0.211453 0.016760 0.048987
6 0.920940 0.224413 0.018120 0.012987
9 0.953320 0.165453 0.046280 0.030160
6 0.726810 0.147440 0.010100 0.014880
6 0.771410 0.214893 0.019020 0.012667
6 0.736410 0.218480 0.008780 0.014080
6 0.499000 0.145333 0.998000 0.290667