24 0.172266 0.651274 0.237969 0.298327
21 0.555297 0.870684 0.263906 0.230608
17 0.637898 0.531445 0.034172 0.102129
17 0.591422 0.546958 0.029844 0.069278
18 0.777805 0.738574 0.061984 0.051369
18 0.777875 0.705437 0.063969 0.028441
18 0.776711 0.693869 0.060266 0.019487
18 0.777383 0.681787 0.060422 0.014905
18 0.788125 0.572567 0.081344 0.029202
18 0.833742 0.753907 0.062266 0.026331
18 0.839375 0.729211 0.061469 0.039373
18 0.775641 0.663156 0.055219 0.032129
17 0.596562 0.535798 0.034969 0.090494
17 0.559773 0.539629 0.033672 0.084924
18 0.787570 0.496587 0.081703 0.012300
18 0.788125 0.553023 0.083719 0.008859
18 0.788242 0.507510 0.083953 0.009658
21 0.068234 0.716740 0.136469 0.129753
5 0.362500 0.410970 0.087281 0.054791