6 0.840305 0.522563 0.201016 0.707125
6 0.746484 0.574271 0.082000 0.469292
6 0.103719 0.736458 0.055156 0.143792
6 0.366578 0.766313 0.010188 0.016583
6 0.966773 0.745167 0.010391 0.045750
6 0.406133 0.766823 0.014453 0.018604
6 0.379891 0.766177 0.010937 0.016104
6 0.443852 0.756604 0.012641 0.036792
9 0.264898 0.806979 0.083828 0.042292
6 0.511570 0.557979 0.249297 0.702375
6 0.914328 0.605615 0.082594 0.460687
6 0.392555 0.765760 0.011703 0.016771
6 0.340703 0.758823 0.009750 0.034354
6 0.324359 0.748094 0.007125 0.017563
6 0.510938 0.744792 0.443750 0.064583