12 0.120094 0.515055 0.237750 0.789224
4 0.909508 0.544875 0.039391 0.157452
0 0.393953 0.462604 0.091344 0.176898
0 0.855500 0.443213 0.137656 0.214515
0 0.697945 0.440305 0.051609 0.115845
6 0.518891 0.654737 0.192719 0.690526
6 0.639641 0.544197 0.080000 0.527008
6 0.755773 0.549017 0.076266 0.335540
6 0.953883 0.676066 0.092234 0.647867
6 0.455359 0.450180 0.022938 0.182632
6 0.766703 0.378006 0.044437 0.132022
6 0.752078 0.656773 0.128000 0.617922
6 0.646242 0.780402 0.081578 0.439197
6 0.577195 0.356053 0.033859 0.075540
1 0.848437 0.439474 0.122062 0.222770
1 0.698227 0.449391 0.051328 0.108310
24 0.437836 0.873130 0.143484 0.230637
0 0.932992 0.413089 0.029453 0.073102
6 0.252289 0.589363 0.390297 0.787535