0 0.864492 0.134694 0.269297 0.269387
3 0.534344 0.520230 0.471750 0.698884
2 0.571570 0.071969 0.227359 0.141269
6 0.204563 0.316980 0.118938 0.513611
6 0.248852 0.074650 0.068016 0.145755
6 0.154797 0.166969 0.071531 0.278796
6 0.397242 0.135131 0.067547 0.200460
6 0.029328 0.220963 0.058656 0.437112
6 0.547461 0.412298 0.209953 0.652648
6 0.615859 0.096958 0.108781 0.191772
6 0.100797 0.217538 0.099656 0.432538
6 0.170563 0.020799 0.031344 0.036433
6 0.309695 0.375274 0.121953 0.683151
6 0.271492 0.174803 0.065578 0.224354