21 0.532922 0.875492 0.186719 0.248361
6 0.248039 0.605609 0.496078 0.767237
6 0.250750 0.531686 0.107469 0.384778
6 0.833937 0.561194 0.330687 0.864543
6 0.025461 0.395457 0.049703 0.089836
6 0.986492 0.458817 0.027016 0.057588
17 0.474227 0.725714 0.032297 0.055504
17 0.439313 0.728607 0.028906 0.052857
17 0.275641 0.507248 0.020156 0.035948
17 0.566328 0.743419 0.024437 0.032037
21 0.323930 0.672084 0.105078 0.083560
21 0.661953 0.668911 0.056781 0.120304
6 0.223734 0.403255 0.040156 0.118126
16 0.508828 0.715667 0.029031 0.081827
21 0.254312 0.823618 0.065687 0.127564
24 0.690047 0.332998 0.158344 0.321686