13 0.821456 0.731510 0.195646 0.063620
13 0.713483 0.691290 0.199099 0.072580
13 0.308033 0.684210 0.160210 0.077700
13 0.245240 0.717580 0.077147 0.051400
13 0.763363 0.486150 0.042643 0.034740
13 0.138108 0.500200 0.102943 0.026560
13 0.388213 0.490180 0.067778 0.029560
13 0.498634 0.502090 0.061051 0.028980
13 0.784324 0.641090 0.105826 0.066820
13 0.552417 0.629870 0.079489 0.043340
13 0.546051 0.574670 0.087778 0.034420
13 0.895601 0.709250 0.163634 0.041940
13 0.586847 0.485590 0.029670 0.027500
13 0.653919 0.594780 0.064114 0.049520
13 0.303889 0.499740 0.074565 0.015600
0 0.974610 0.325150 0.050781 0.042780
0 0.878529 0.328840 0.041502 0.022200
0 0.790345 0.334430 0.015045 0.017740
6 0.400736 0.300340 0.120871 0.241480
6 0.561291 0.306720 0.141261 0.233600
6 0.674970 0.296790 0.048318 0.121180
6 0.761081 0.322550 0.027568 0.050300
0 0.910871 0.333190 0.020180 0.018860
0 0.844444 0.328210 0.028108 0.015820
0 0.783048 0.326540 0.029640 0.011360
13 0.721622 0.618120 0.133093 0.033760
13 0.093784 0.680670 0.182162 0.092140
13 0.498498 0.603000 0.996997 0.270000