16 0.351088 0.423039 0.041172 0.078047
19 0.785209 0.815555 0.184184 0.078828
19 0.369059 0.793211 0.130167 0.079203
19 0.676182 0.441352 0.082741 0.036516
19 0.644132 0.378578 0.095837 0.020219
19 0.420146 0.364008 0.066527 0.020016
19 0.664393 0.599938 0.130711 0.074250
6 0.810136 0.195547 0.121820 0.124562
6 0.703232 0.159539 0.046004 0.091172
6 0.337207 0.215672 0.162406 0.273781
6 0.491077 0.161602 0.077134 0.112234
6 0.542312 0.241180 0.142322 0.175391
6 0.649895 0.204930 0.126360 0.235953
6 0.249456 0.341484 0.170209 0.229094
6 0.739885 0.325742 0.269979 0.174859
6 0.902573 0.506758 0.194854 0.349109
9 0.555324 0.327656 0.400105 0.036906
19 0.338483 0.623219 0.153452 0.069656
19 0.242207 0.433977 0.107720 0.068891
19 0.354111 0.199797 0.051109 0.049219
6 0.137249 0.236195 0.137762 0.108953
6 0.133075 0.540906 0.259498 0.300563
19 0.809153 0.438000 0.079477 0.069469
19 0.773630 0.191820 0.031862 0.027766
6 0.933619 0.110594 0.132762 0.221188
6 0.138128 0.347227 0.236172 0.140766
6 0.667364 0.257812 0.661088 0.378125