8 0.484302 0.489906 0.418521 0.293719
0 0.402375 0.965563 0.492083 0.068562
0 0.111802 0.909289 0.041521 0.026516
0 0.056792 0.923313 0.063292 0.028375
6 0.536198 0.933469 0.039187 0.032125
0 0.286531 0.920430 0.051604 0.025203
6 0.424083 0.916172 0.029333 0.033250
0 0.252188 0.958320 0.108792 0.047703
0 0.273604 0.942937 0.076083 0.041906
0 0.244052 0.883500 0.015396 0.010031
0 0.161094 0.902836 0.034396 0.025359
0 0.200240 0.906516 0.026396 0.015531
0 0.288344 0.873414 0.013979 0.008641
0 0.013573 0.933258 0.027146 0.032891
0 0.094021 0.918711 0.040875 0.029797
6 0.263604 0.907000 0.012250 0.028375
4 0.478167 0.165914 0.097708 0.049359