6 0.175125 0.538787 0.076406 0.121066
2 0.593055 0.469660 0.811391 0.930340
6 0.060570 0.536746 0.040172 0.124467
6 0.031211 0.555873 0.035797 0.163719
6 0.131344 0.526224 0.039312 0.084286
8 0.053164 0.355986 0.053516 0.082540
6 0.079508 0.495227 0.036797 0.075306
4 0.351836 0.752732 0.028016 0.116803
4 0.058484 0.650113 0.116969 0.141315
4 0.623258 0.750567 0.187359 0.301134
4 0.180766 0.703050 0.150750 0.183923
4 0.431562 0.730692 0.144656 0.243424
4 0.307781 0.718753 0.086094 0.189841
6 0.016000 0.486009 0.032000 0.096599
6 0.958602 0.782653 0.082797 0.180181
4 0.970188 0.844263 0.059625 0.311474
4 0.538687 0.755045 0.136813 0.237120
4 0.113766 0.692562 0.040000 0.155782
4 0.260984 0.694660 0.047281 0.163424
6 0.917750 0.331327 0.106469 0.156984