19 0.380521 0.897758 0.227708 0.110109
19 0.430260 0.778461 0.197063 0.081172
19 0.493240 0.690352 0.069729 0.049266
19 0.530802 0.581492 0.130063 0.041734
19 0.278906 0.660375 0.049896 0.032625
19 0.052969 0.912273 0.102854 0.070141
19 0.167813 0.512312 0.078292 0.028937
19 0.525583 0.505594 0.064417 0.034156
6 0.674500 0.775383 0.651000 0.422828
19 0.288729 0.592156 0.576417 0.246094
6 0.168271 0.550258 0.255958 0.395609
6 0.648958 0.484109 0.216375 0.239563
6 0.394521 0.452594 0.099083 0.174500
6 0.766542 0.484945 0.237208 0.366734
6 0.314604 0.565172 0.191750 0.168531
6 0.270187 0.360563 0.125042 0.116500
6 0.503375 0.369664 0.131833 0.177516
6 0.935729 0.410313 0.107625 0.215250
6 0.057927 0.587836 0.115854 0.288422
6 0.559135 0.327055 0.066979 0.075797
6 0.665854 0.379039 0.052000 0.060141
6 0.918896 0.268672 0.032875 0.075188
6 0.344792 0.413281 0.614583 0.295312