24 0.697529 0.775383 0.420513 0.404922
21 0.366107 0.875844 0.219814 0.186719
21 0.196329 0.871984 0.192331 0.188094
21 0.572960 0.809195 0.084755 0.136359
21 0.367168 0.764008 0.090559 0.028922
21 0.214988 0.748883 0.079674 0.067359
21 0.498904 0.774547 0.080000 0.026031
21 0.409312 0.755500 0.066317 0.043406
21 0.976573 0.840727 0.037855 0.161359
6 0.451061 0.720633 0.151166 0.088141
6 0.098124 0.745398 0.124033 0.245516
6 0.038322 0.740164 0.076643 0.211766
6 0.297354 0.659148 0.078159 0.094422
6 0.906772 0.726703 0.097273 0.092156
6 0.455373 0.633477 0.030233 0.027266
6 0.544044 0.687609 0.077599 0.046500
6 0.843333 0.644250 0.036970 0.048719
6 0.400501 0.652312 0.034615 0.083844
6 0.425618 0.662414 0.047925 0.047016
6 0.409953 0.646656 0.031329 0.049750
6 0.455583 0.677828 0.045385 0.065875
21 0.904126 0.756141 0.093287 0.036000
21 0.327669 0.725680 0.080233 0.065141
21 0.330303 0.691016 0.051655 0.011250
6 0.431562 0.638047 0.027179 0.033063
18 0.887249 0.778820 0.032867 0.006703
6 0.497669 0.734375 0.990676 0.359375