21 0.048805 0.712820 0.063922 0.096139
6 0.739695 0.589685 0.277797 0.798200
6 0.484555 0.431345 0.085953 0.165293
6 0.565234 0.401052 0.074719 0.270868
6 0.272148 0.602158 0.278828 0.795683
6 0.614977 0.321931 0.075859 0.214230
6 0.431320 0.305260 0.082266 0.210390
6 0.515070 0.295575 0.102734 0.213145
6 0.182219 0.218265 0.087594 0.148113
6 0.139234 0.497495 0.079500 0.276638
6 0.946594 0.352852 0.086656 0.138894
6 0.929320 0.255542 0.085641 0.144751
6 0.404625 0.475304 0.080031 0.135813
9 0.660203 0.443688 0.040875 0.111063
21 0.126500 0.670857 0.022719 0.179414
6 0.755016 0.175640 0.088156 0.187202
6 0.499219 0.376356 0.998437 0.713666