13 0.516422 0.797877 0.034312 0.113043
13 0.442156 0.789003 0.060750 0.156215
13 0.395211 0.827775 0.039859 0.178005
13 0.248047 0.795486 0.099375 0.148056
13 0.143383 0.790448 0.058234 0.130972
13 0.140773 0.553555 0.096172 0.148184
13 0.376438 0.744003 0.040031 0.112353
13 0.625281 0.781292 0.088281 0.158082
13 0.436203 0.491432 0.133531 0.173964
13 0.349125 0.729220 0.066875 0.077161
0 0.480867 0.282941 0.478234 0.161279
2 0.725844 0.201867 0.548312 0.373043
6 0.637648 0.522430 0.319172 0.798210
17 0.747766 0.553261 0.032469 0.057059
13 0.436414 0.752417 0.072766 0.072762
24 0.935305 0.418095 0.129391 0.242379
24 0.172695 0.295870 0.076266 0.148670
13 0.518406 0.500908 0.051281 0.168824
9 0.311812 0.611688 0.366563 0.506496