0 0.522609 0.774918 0.079031 0.078970
0 0.599641 0.746066 0.026875 0.013489
0 0.205508 0.784813 0.245609 0.193513
0 0.740437 0.746897 0.028125 0.014731
0 0.380570 0.743630 0.026078 0.028384
1 0.662367 0.735222 0.048578 0.033630
1 0.381219 0.743536 0.028875 0.027354
1 0.467484 0.741382 0.023625 0.047635
7 0.459539 0.697834 0.003766 0.010515
7 0.476727 0.698162 0.003672 0.011405
7 0.494453 0.699028 0.004250 0.012248
7 0.394750 0.710726 0.005437 0.014098
7 0.546719 0.728712 0.004719 0.006276
7 0.304930 0.687436 0.002641 0.008454
7 0.308734 0.688478 0.002469 0.010351
7 0.313266 0.689672 0.001094 0.007073
7 0.207562 0.677763 0.004344 0.016183
0 0.827016 0.746862 0.024531 0.011850
1 0.427461 0.748068 0.025078 0.027330
7 0.294250 0.686803 0.004781 0.009719