0 0.936898 0.742658 0.126203 0.161288
0 0.953609 0.680855 0.092781 0.072014
2 0.556992 0.560667 0.706172 0.568548
2 0.103219 0.541710 0.206437 0.636768
6 0.278750 0.613618 0.044156 0.071311
6 0.828617 0.577436 0.083266 0.182974
6 0.461547 0.409087 0.025406 0.049649
6 0.582812 0.420375 0.019313 0.048525
0 0.023242 0.848314 0.046484 0.155035
0 0.799852 0.256780 0.116078 0.038852
6 0.615266 0.428431 0.028250 0.044169
6 0.736727 0.634204 0.021797 0.058197
6 0.706187 0.637775 0.023062 0.050773
6 0.089539 0.608759 0.044484 0.076206
6 0.551000 0.422775 0.018562 0.038290
6 0.513133 0.420234 0.021391 0.038173