16 0.552086 0.573888 0.044422 0.226698
16 0.742375 0.629415 0.106313 0.361546
6 0.622211 0.294379 0.248891 0.579766
6 0.888586 0.341030 0.221391 0.674895
6 0.247273 0.546674 0.494547 0.906651
6 0.102273 0.427248 0.204547 0.499742
17 0.474008 0.691651 0.053953 0.112248
17 0.288742 0.625515 0.046328 0.109391
20 0.553242 0.795504 0.164922 0.184262
17 0.625281 0.672822 0.048219 0.068407
17 0.605305 0.591593 0.047828 0.102623
18 0.389586 0.615714 0.074922 0.056909
18 0.398172 0.663431 0.087219 0.046253
17 0.945734 0.916522 0.081312 0.166956
18 0.483719 0.694075 0.095594 0.064215
6 0.974344 0.303162 0.051313 0.243700