5 0.498313 0.254500 0.783781 0.409917
5 0.933195 0.342677 0.130672 0.114854
6 0.573039 0.477531 0.060672 0.141562
6 0.529555 0.695948 0.109797 0.587854
6 0.460531 0.432312 0.023094 0.111208
6 0.773023 0.522531 0.085609 0.265521
6 0.821211 0.393250 0.014641 0.049000
6 0.723812 0.442854 0.033000 0.127000
6 0.749773 0.401885 0.020766 0.053438
6 0.475906 0.416865 0.021531 0.075396
6 0.522625 0.435833 0.033250 0.109333
6 0.495797 0.397875 0.019000 0.021917
6 0.575914 0.408594 0.018859 0.062604
6 0.556531 0.408000 0.022500 0.066667
6 0.348148 0.533052 0.081484 0.292854
6 0.518750 0.405208 0.806250 0.135417