16 0.783336 0.661904 0.072609 0.155397
16 0.547836 0.678470 0.046422 0.143014
21 0.220758 0.788178 0.303453 0.393551
21 0.588039 0.358832 0.121078 0.211215
6 0.380992 0.442710 0.176484 0.694346
6 0.848336 0.737079 0.302078 0.503364
6 0.884922 0.346519 0.230156 0.358131
6 0.136648 0.490421 0.268109 0.662383
6 0.491227 0.865631 0.276609 0.266869
17 0.563273 0.499252 0.036984 0.113131
19 0.402703 0.561647 0.038594 0.037173
19 0.438172 0.539848 0.044969 0.050444
19 0.434297 0.643914 0.037125 0.039369
19 0.553945 0.811974 0.033578 0.069089
19 0.840312 0.678026 0.048969 0.057640
19 0.816977 0.559474 0.045828 0.046472
17 0.822391 0.732675 0.046625 0.079930
17 0.470102 0.527208 0.039734 0.098995
19 0.455789 0.670140 0.039703 0.057430
19 0.614461 0.477360 0.036297 0.038785
19 0.399398 0.529428 0.035328 0.041285
19 0.423391 0.686787 0.032094 0.053107
19 0.608773 0.509100 0.037047 0.033855
19 0.811188 0.512979 0.020844 0.033762
21 0.394141 0.508411 0.174687 0.177196
19 0.649375 0.506168 0.041188 0.043925