0 0.478195 0.524479 0.025172 0.029542
0 0.502109 0.750031 0.033000 0.048979
0 0.510172 0.511469 0.021750 0.032854
0 0.561484 0.579646 0.023344 0.029167
0 0.561031 0.565021 0.021281 0.019833
0 0.564320 0.545094 0.021234 0.024521
0 0.510242 0.491010 0.019078 0.015938
0 0.556047 0.630542 0.023438 0.036583
2 0.463086 0.642552 0.047422 0.081229
6 0.416164 0.604229 0.008797 0.031208
6 0.598563 0.556625 0.012750 0.025792
2 0.519836 0.601344 0.037266 0.076813
2 0.481742 0.585240 0.041203 0.068979
2 0.561469 0.381490 0.020937 0.032562
6 0.613258 0.580146 0.005859 0.032208
0 0.557672 0.606354 0.019688 0.013333
0 0.564328 0.515115 0.018531 0.027812
0 0.513078 0.479073 0.014844 0.020438
0 0.543523 0.419677 0.014297 0.015562
1 0.536344 0.447187 0.020812 0.035500
1 0.563016 0.431052 0.025875 0.049396
6 0.586953 0.799312 0.012719 0.046917
6 0.434648 0.533375 0.007734 0.024917
6 0.430367 0.571615 0.005391 0.024646
6 0.606711 0.584042 0.007266 0.026250
6 0.595242 0.789448 0.009391 0.039229
6 0.606164 0.806729 0.011391 0.044500
6 0.597180 0.538531 0.011734 0.016271
6 0.556773 0.470427 0.007797 0.020896
6 0.499133 0.462292 0.005891 0.013042
6 0.598258 0.485885 0.006078 0.023479
0 0.497664 0.443167 0.014328 0.016042
6 0.509375 0.630208 0.209375 0.256250
0 0.532813 0.468750 0.275000 0.370833