6 0.370523 0.711240 0.257953 0.468396
6 0.659031 0.687302 0.194969 0.435896
17 0.609023 0.159802 0.020766 0.022521
17 0.944883 0.250104 0.016984 0.024250
17 0.515469 0.156240 0.016844 0.014854
21 0.225797 0.137708 0.089938 0.041250
21 0.148922 0.135271 0.080250 0.042583
21 0.296633 0.051688 0.080891 0.071917
21 0.068617 0.134927 0.076328 0.037021
21 0.262820 0.106781 0.079484 0.092729
21 0.017781 0.131031 0.035563 0.042229
21 0.567875 0.065125 0.071406 0.029750
21 0.618547 0.098687 0.090313 0.063250
6 0.611148 0.468115 0.170234 0.280896
6 0.496187 0.473781 0.127656 0.278771
6 0.683430 0.101125 0.116297 0.143833
6 0.183828 0.443875 0.100250 0.325125
6 0.505133 0.097833 0.090797 0.134792
6 0.868141 0.227115 0.119063 0.200688
6 0.327133 0.431990 0.119922 0.349271
6 0.817586 0.712823 0.146297 0.395063
6 0.960453 0.176031 0.079094 0.197729
6 0.030344 0.544010 0.060688 0.109479
9 0.407242 0.518292 0.030484 0.067750
6 0.851531 0.071458 0.104875 0.142500
21 0.787891 0.154021 0.091313 0.044042
21 0.098969 0.102708 0.073844 0.036542
21 0.179742 0.093365 0.093422 0.064146
21 0.214555 0.041760 0.082078 0.061937
6 0.559375 0.177083 0.878125 0.354167