6 0.642727 0.501121 0.189922 0.977489
6 0.474977 0.446401 0.034703 0.150785
6 0.319273 0.432422 0.035391 0.102511
6 0.159117 0.578677 0.301922 0.707265
6 0.405102 0.455706 0.038266 0.167422
6 0.431789 0.452455 0.036484 0.158812
6 0.371984 0.420078 0.020031 0.081637
6 0.940555 0.380247 0.033297 0.061345
6 0.906813 0.380157 0.036438 0.077444
6 0.856789 0.387040 0.020766 0.063767
6 0.204617 0.451368 0.023734 0.097937
1 0.708695 0.349552 0.042828 0.093453
0 0.808883 0.380348 0.037359 0.024552
6 0.234063 0.455258 0.037500 0.080919
9 0.803977 0.399832 0.067953 0.047108
9 0.952031 0.397063 0.059625 0.026054
2 0.944078 0.338868 0.111844 0.085717