0 0.315648 0.687948 0.045672 0.039854
0 0.437516 0.698583 0.034594 0.034167
0 0.513633 0.704573 0.038516 0.045354
0 0.496500 0.676927 0.013187 0.012562
0 0.524313 0.683781 0.024469 0.021937
1 0.944305 0.670937 0.111391 0.084833
7 0.429891 0.177115 0.060219 0.114271
7 0.574711 0.453396 0.014016 0.041417
7 0.767703 0.336104 0.026844 0.056958
7 0.411336 0.455438 0.011922 0.038667
7 0.072922 0.209781 0.031937 0.089063
7 0.076977 0.302042 0.052797 0.084875
7 0.519219 0.454031 0.032750 0.055937
7 0.150047 0.370156 0.042188 0.073229
7 0.844969 0.205083 0.038750 0.074792