16 0.330750 0.388802 0.039094 0.073271
6 0.517414 0.294385 0.131453 0.323604
6 0.675680 0.355854 0.179047 0.531542
6 0.453602 0.623323 0.183703 0.568188
6 0.280836 0.325448 0.175203 0.381646
6 0.024023 0.293729 0.045609 0.084250
6 0.178227 0.323417 0.039234 0.097958
1 0.506039 0.598729 0.726359 0.704958
6 0.096266 0.313198 0.030313 0.040688
6 0.303383 0.308104 0.042609 0.103833
0 0.171672 0.413250 0.068562 0.087167
1 0.885438 0.401323 0.229125 0.329271
1 0.083430 0.505615 0.163484 0.350563
1 0.073359 0.200448 0.120781 0.077187
1 0.101789 0.358375 0.191422 0.280208
1 0.299656 0.255448 0.073813 0.039521
1 0.157531 0.228750 0.078625 0.086042
10 0.566000 0.614729 0.066062 0.078250
17 0.662219 0.367208 0.021063 0.048000