4 0.600000 0.433760 0.044533 0.058960
4 0.495507 0.435150 0.033573 0.049060
6 0.401307 0.451470 0.177760 0.199020
6 0.511413 0.354100 0.031787 0.033640
6 0.350987 0.342530 0.020587 0.040980
6 0.714920 0.417350 0.065627 0.132620
4 0.348933 0.359840 0.021813 0.024560
6 0.650733 0.391560 0.051813 0.090680
6 0.593000 0.408040 0.043173 0.086320
6 0.500627 0.407380 0.048613 0.051320
6 0.695013 0.403100 0.042240 0.118160
6 0.768813 0.404600 0.041947 0.124120
6 0.462093 0.335450 0.029520 0.044100
6 0.557493 0.382290 0.037387 0.084660
6 0.438840 0.340290 0.019973 0.041340
6 0.520720 0.395550 0.044693 0.092140
6 0.397333 0.322000 0.362667 0.084000