6 0.147063 0.797000 0.043594 0.191179
6 0.443227 0.703231 0.009297 0.058308
6 0.287477 0.674769 0.005578 0.033590
6 0.387586 0.654923 0.005328 0.027846
6 0.628031 0.684538 0.016469 0.036821
6 0.402055 0.667013 0.013797 0.067462
1 0.829492 0.700359 0.252141 0.184872
6 0.234555 0.705321 0.009078 0.033615
0 0.666789 0.746231 0.117891 0.095487
0 0.295789 0.739769 0.057516 0.065179
0 0.787430 0.760795 0.110797 0.130513
0 0.325523 0.700603 0.024641 0.027718
0 0.797977 0.783000 0.078859 0.151333
6 0.433344 0.696859 0.012594 0.028692
0 0.097688 0.760833 0.052844 0.094538
0 0.870727 0.880885 0.140422 0.181205
0 0.180094 0.760141 0.135594 0.166897
0 0.346906 0.678128 0.021344 0.028872
0 0.966437 0.900000 0.067125 0.175333
1 0.576187 0.717705 0.067312 0.110487
6 0.302445 0.683833 0.009484 0.040282
6 0.449656 0.699885 0.010000 0.052128
0 0.322484 0.664359 0.016750 0.030513
1 0.873195 0.757769 0.120609 0.145538
1 0.349578 0.636026 0.016906 0.033231
7 0.276977 0.644718 0.008922 0.025077
6 0.462969 0.718859 0.015937 0.067359
6 0.019695 0.772962 0.037984 0.135410
0 0.510938 0.544872 0.975000 0.905128
6 0.381250 0.793590 0.550000 0.269231