6 0.625523 0.571192 0.041984 0.195981
6 0.598430 0.485678 0.029922 0.093972
6 0.661898 0.508762 0.055984 0.044112
6 0.560664 0.535152 0.042109 0.095864
6 0.500031 0.554907 0.042625 0.180374
6 0.685383 0.510374 0.032109 0.137196
6 0.782570 0.534229 0.044578 0.097056
6 0.730813 0.533154 0.048813 0.092009
6 0.412375 0.516659 0.031813 0.101636
6 0.439438 0.514474 0.036437 0.131565
6 0.660367 0.473213 0.029297 0.061238
6 0.577156 0.512769 0.015500 0.038107
9 0.738555 0.590806 0.170203 0.148248
9 0.400367 0.568236 0.115234 0.075350
6 0.458977 0.527769 0.022891 0.106939