0 0.717469 0.790774 0.089750 0.102043
0 0.308945 0.791362 0.186328 0.149164
0 0.825914 0.802678 0.128266 0.120774
0 0.604828 0.797632 0.097156 0.100650
3 0.503695 0.804954 0.052672 0.121734
6 0.966789 0.824164 0.066422 0.228885
6 0.311320 0.777539 0.032891 0.166285
6 0.521258 0.760232 0.012016 0.047276
1 0.457227 0.770015 0.113672 0.129071
7 0.384141 0.506997 0.023625 0.114241
7 0.138172 0.408173 0.030969 0.135480
6 0.411000 0.806130 0.025656 0.077523
6 0.254500 0.707601 0.023781 0.059659
6 0.328367 0.709319 0.014797 0.033746
6 0.402891 0.768328 0.011125 0.047121
0 0.659391 0.788406 0.042625 0.082446
0 0.557539 0.779985 0.028141 0.042941
0 0.537000 0.778994 0.024719 0.043498
6 0.913797 0.819969 0.053594 0.145077