21 0.249797 0.673462 0.179625 0.390023
21 0.585297 0.300869 0.073625 0.155869
21 0.553023 0.278075 0.027547 0.081268
21 0.925625 0.433427 0.093750 0.140845
21 0.923273 0.745575 0.153453 0.258239
6 0.177055 0.547160 0.145609 0.526901
6 0.215836 0.352007 0.076109 0.233498
6 0.261477 0.377441 0.059203 0.231127
6 0.591547 0.220904 0.077062 0.137770
6 0.807703 0.156538 0.058250 0.129883
6 0.320453 0.164542 0.066000 0.170399
6 0.318609 0.220317 0.037594 0.056455
20 0.547461 0.879777 0.215391 0.217958
6 0.933031 0.629214 0.133938 0.543826
6 0.416570 0.441573 0.261766 0.793239
6 0.171125 0.307559 0.060094 0.124225
21 0.570937 0.235681 0.031438 0.062958
6 0.878539 0.355246 0.242922 0.609648
17 0.082930 0.460563 0.018016 0.027324
17 0.037164 0.466796 0.017828 0.025047
21 0.699320 0.519977 0.117672 0.205634
21 0.069594 0.788251 0.139187 0.376080
6 0.059625 0.246854 0.031687 0.074319
6 0.952086 0.321678 0.094172 0.275704
6 0.139844 0.531690 0.279687 0.669014