16 0.758867 0.372042 0.014516 0.064500
16 0.733680 0.373323 0.018109 0.073146
16 0.752203 0.372625 0.019562 0.075792
16 0.770797 0.371823 0.019437 0.079854
16 0.806094 0.372229 0.016844 0.076750
16 0.838570 0.370521 0.021266 0.076333
16 0.846469 0.368156 0.016687 0.077188
4 0.576688 0.725042 0.106094 0.326542
3 0.125891 0.556708 0.171625 0.352167
6 0.299344 0.357312 0.048875 0.140667
6 0.388906 0.318906 0.077281 0.097937
6 0.026852 0.421312 0.023766 0.162417
16 0.700930 0.378375 0.018609 0.066000
18 0.072203 0.419667 0.021125 0.022625
16 0.820500 0.378552 0.015375 0.075896
16 0.717938 0.373031 0.019875 0.075146
16 0.551078 0.382135 0.026344 0.056854
6 0.437070 0.306406 0.019016 0.039688
16 0.787328 0.371094 0.018969 0.074979
16 0.573117 0.375896 0.011734 0.053917
6 0.751922 0.287687 0.078281 0.136292
6 0.880742 0.347792 0.070859 0.176167
14 0.460711 0.649354 0.539609 0.654542
16 0.509375 0.385417 0.065625 0.066667