4 0.230472 0.638352 0.454434 0.146234
4 0.553467 0.682789 0.035708 0.053766
0 0.709446 0.451000 0.144316 0.099688
0 0.788290 0.434492 0.160307 0.108922
6 0.615366 0.665164 0.244458 0.376609
6 0.084410 0.555562 0.033726 0.049375
6 0.850012 0.611664 0.159080 0.239828
6 0.040920 0.551914 0.076085 0.080047
6 0.474658 0.642328 0.179410 0.318750
6 0.775967 0.530523 0.099340 0.149078
6 0.632134 0.444812 0.063608 0.072813
4 0.771108 0.552945 0.032217 0.054109
7 0.273090 0.351055 0.075896 0.080453
6 0.491474 0.507164 0.068137 0.094891
6 0.069752 0.526617 0.041910 0.021922
6 0.179210 0.625969 0.272665 0.326344
6 0.439682 0.419773 0.027429 0.049703
4 0.059552 0.657758 0.114292 0.091422
4 0.774493 0.625781 0.046722 0.058500
2 0.971462 0.499914 0.057075 0.608828
7 0.909351 0.343164 0.036958 0.036234
6 0.884752 0.423445 0.060165 0.095953
1 0.224057 0.539062 0.440236 0.294281
7 0.799469 0.345812 0.029599 0.020812
4 0.883090 0.450695 0.035142 0.055047