0 0.556438 0.678376 0.052000 0.047153
0 0.533820 0.672953 0.026391 0.034847
2 0.400219 0.688847 0.248469 0.259482
1 0.746141 0.694388 0.149219 0.130329
6 0.273227 0.793518 0.058516 0.254800
6 0.219766 0.789635 0.050094 0.212824
6 0.172953 0.765188 0.047687 0.219835
6 0.121578 0.731541 0.041250 0.195318
6 0.144180 0.719224 0.036297 0.168141
6 0.219961 0.674671 0.029766 0.077482
6 0.485617 0.649729 0.053453 0.061671
6 0.182891 0.665318 0.034125 0.082871
0 0.600625 0.684129 0.063406 0.050612
0 0.613039 0.650553 0.069297 0.038941
6 0.197969 0.681376 0.013562 0.067082
6 0.421648 0.658753 0.034953 0.042400
6 0.399750 0.645788 0.017625 0.030729
6 0.213227 0.656871 0.018609 0.055765