16 0.184451 0.603938 0.167081 0.484906
16 0.346118 0.605609 0.127764 0.302688
16 0.117588 0.493430 0.038489 0.160047
21 0.827422 0.512258 0.080476 0.134672
21 0.940828 0.464609 0.094741 0.076781
19 0.635735 0.756180 0.467495 0.146078
6 0.622557 0.447687 0.450124 0.266031
6 0.444099 0.424797 0.097184 0.105406
6 0.451812 0.379445 0.066729 0.086328
6 0.825631 0.459453 0.150311 0.221062
6 0.866573 0.423586 0.096046 0.112047
6 0.954193 0.419578 0.091615 0.113125
6 0.961584 0.391164 0.041097 0.035734
6 0.028075 0.391188 0.056149 0.085188
6 0.189979 0.232000 0.091884 0.090500
6 0.272909 0.348414 0.067391 0.061047
21 0.397547 0.416789 0.019317 0.039703
6 0.352764 0.400836 0.092360 0.109703
6 0.153106 0.407813 0.306211 0.294187
6 0.314959 0.445930 0.177826 0.165641
16 0.389886 0.466242 0.021594 0.056578
6 0.379917 0.336719 0.648033 0.167187