3 0.600000 0.668542 0.485406 0.456167
3 0.786781 0.341521 0.045625 0.075417
6 0.255336 0.521344 0.156734 0.817979
6 0.481945 0.237062 0.017797 0.041417
4 0.508703 0.355760 0.122938 0.198354
4 0.463156 0.380375 0.099281 0.164083
4 0.551047 0.321573 0.102813 0.138187
4 0.778109 0.335240 0.057562 0.054688
6 0.417187 0.242260 0.019594 0.080771
4 0.640242 0.345385 0.034141 0.091812
4 0.611891 0.389396 0.095250 0.183333
4 0.759703 0.345271 0.067250 0.079542
0 0.754742 0.225927 0.104297 0.082437
4 0.617508 0.305083 0.079078 0.097208