13 0.822688 0.269649 0.046875 0.098254
13 0.389609 0.280272 0.125937 0.119229
13 0.437539 0.257562 0.093328 0.111723
13 0.086688 0.249467 0.108187 0.146236
13 0.917016 0.139002 0.049000 0.086213
13 0.619523 0.124467 0.035016 0.058141
13 0.630500 0.087256 0.069344 0.079864
13 0.722672 0.138741 0.039938 0.061383
13 0.807039 0.124649 0.027641 0.035238
13 0.518141 0.265408 0.112750 0.076259
13 0.704406 0.289773 0.086656 0.087574
13 0.690383 0.216270 0.042484 0.042063
13 0.343836 0.189240 0.108172 0.066327
13 0.585016 0.228571 0.094500 0.071338
13 0.456477 0.187075 0.063828 0.064898
13 0.351875 0.238005 0.065500 0.100726
13 0.200055 0.187098 0.080016 0.116145
13 0.101672 0.211111 0.039500 0.086032
13 0.178563 0.146134 0.069656 0.055714
13 0.821688 0.174195 0.066688 0.077415
13 0.617844 0.248175 0.057437 0.037664
11 0.176148 0.796032 0.206422 0.325442
13 0.763039 0.289014 0.050234 0.095397
13 0.453125 0.181406 0.903125 0.317460