10 0.669796 0.367549 0.048611 0.138595
10 0.816234 0.396422 0.091193 0.180817
16 0.094216 0.931201 0.022843 0.056912
1 0.284273 0.750564 0.402239 0.471912
1 0.535131 0.203611 0.326013 0.184314
1 0.880163 0.694534 0.196732 0.185866
6 0.566724 0.767598 0.063938 0.148889
6 0.153129 0.792002 0.190212 0.375605
6 0.610343 0.766667 0.047124 0.131013
6 0.643382 0.801332 0.031928 0.083350
6 0.691348 0.791348 0.064624 0.097958
6 0.882149 0.802982 0.143513 0.225343
6 0.788652 0.792761 0.033121 0.109379
6 0.852353 0.748105 0.046471 0.158758
6 0.955319 0.764657 0.050114 0.192745
6 0.889845 0.323448 0.122533 0.344118
6 0.209518 0.271822 0.108023 0.244134
6 0.372508 0.255776 0.085768 0.228644
21 0.799273 0.270270 0.052500 0.054853
21 0.795008 0.313456 0.059232 0.070507
6 0.323423 0.252614 0.050408 0.208791
16 0.856078 0.223056 0.013301 0.021438
6 0.501634 0.470588 0.990196 0.800654