2 0.476039 0.494388 0.576016 0.840447
6 0.812344 0.683000 0.059719 0.219506
6 0.969102 0.601094 0.019109 0.094235
6 0.952164 0.595224 0.017359 0.084706
6 0.924453 0.598224 0.014594 0.100259
6 0.894625 0.603694 0.021375 0.073929
6 0.852336 0.588282 0.008859 0.032235
6 0.989984 0.582376 0.011844 0.045741
6 0.820117 0.592047 0.011516 0.021271
6 0.188625 0.623906 0.019750 0.028847
6 0.975836 0.575600 0.011234 0.051671
9 0.180453 0.689882 0.030188 0.076188
24 0.031586 0.652094 0.022859 0.025976
6 0.315039 0.255024 0.029047 0.035976