21 0.094370 0.668814 0.186620 0.421051
6 0.544020 0.653934 0.255920 0.629189
6 0.245290 0.500781 0.272300 0.977417
6 0.133810 0.493153 0.158140 0.808228
17 0.886770 0.228078 0.034020 0.056036
17 0.941780 0.240495 0.025280 0.045796
18 0.738690 0.663904 0.086380 0.082643
16 0.693920 0.165871 0.027120 0.152402
16 0.650580 0.154324 0.027440 0.143063
16 0.545110 0.162042 0.032380 0.147147
16 0.571510 0.158559 0.024100 0.141321
16 0.625810 0.162132 0.024500 0.146186
16 0.721570 0.169099 0.033900 0.160541
16 0.486020 0.182973 0.019640 0.116697
16 0.558880 0.166291 0.018600 0.147898
16 0.462730 0.187643 0.030500 0.104054
16 0.472120 0.145616 0.013760 0.095556
16 0.497950 0.173183 0.014860 0.115315
16 0.516700 0.123634 0.020360 0.058258
17 0.985570 0.221637 0.028860 0.063634
17 0.950980 0.156351 0.033840 0.013063
17 0.951190 0.144399 0.034500 0.015766
17 0.953040 0.129880 0.036760 0.014174
17 0.957010 0.076967 0.037300 0.016517
17 0.956480 0.091742 0.037720 0.015135
17 0.948550 0.201637 0.037540 0.016847
17 0.987660 0.142838 0.024680 0.012222
17 0.988290 0.152808 0.023340 0.012703
17 0.991030 0.072372 0.017940 0.013333
21 0.036150 0.816186 0.072300 0.187508
17 0.944090 0.233228 0.038540 0.055045
17 0.964000 0.133634 0.068000 0.123123