6 0.061792 0.377367 0.123583 0.299641
18 0.715729 0.630336 0.568542 0.217984
18 0.861885 0.491961 0.273854 0.107672
18 0.556854 0.503750 0.363625 0.113750
16 0.854604 0.379289 0.026042 0.058297
16 0.899448 0.366781 0.022354 0.037344
16 0.923500 0.377375 0.024083 0.055219
16 0.785198 0.371031 0.020813 0.057063
16 0.767927 0.366609 0.019062 0.052937
16 0.753188 0.365164 0.012958 0.044078
16 0.878854 0.379633 0.023125 0.059797
18 0.306635 0.068867 0.093438 0.065078
18 0.351167 0.150969 0.047000 0.031375
16 0.838417 0.366336 0.021292 0.036266
16 0.745896 0.364539 0.014792 0.042203
18 0.570542 0.414492 0.360958 0.056922