6 0.263125 0.542208 0.311656 0.465750
6 0.441648 0.559240 0.230766 0.368687
6 0.669945 0.542687 0.207297 0.433708
6 0.864047 0.610115 0.271906 0.757312
17 0.758242 0.852500 0.085109 0.193958
17 0.576102 0.660792 0.060234 0.145667
17 0.149250 0.892813 0.096906 0.214375
17 0.073992 0.946083 0.087453 0.085208
17 0.335953 0.963177 0.094437 0.070479
18 0.103039 0.800667 0.165547 0.166667
19 0.536742 0.840240 0.194328 0.149146
19 0.337297 0.904625 0.201500 0.190750
17 0.542258 0.696385 0.056703 0.046813
17 0.682352 0.872375 0.068203 0.118667