0 0.773580 0.952078 0.107840 0.087590
0 0.402130 0.637982 0.043060 0.055301
0 0.577680 0.655813 0.059200 0.045060
3 0.218030 0.861145 0.012820 0.040723
2 0.796800 0.634834 0.382000 0.105633
0 0.204860 0.942199 0.108920 0.110904
7 0.521440 0.570783 0.008120 0.021687
6 0.218640 0.835000 0.036280 0.093735
0 0.326900 0.568358 0.018280 0.028404
0 0.342940 0.543946 0.021840 0.025361
0 0.060540 0.553901 0.031440 0.019970
2 0.369240 0.583599 0.039120 0.075512
2 0.401040 0.602907 0.052160 0.071536
6 0.410450 0.796069 0.019500 0.093645
6 0.547220 0.834232 0.016000 0.078464
6 0.580540 0.881355 0.030800 0.101024
6 0.758260 0.842304 0.025520 0.102078
6 0.699540 0.756642 0.020920 0.074488
6 0.389400 0.802364 0.012840 0.084127
6 0.667110 0.748419 0.011860 0.075211
6 0.397050 0.808389 0.016740 0.088765
6 0.450110 0.788931 0.009500 0.033765
3 0.489700 0.666958 0.037720 0.032952
7 0.517440 0.562123 0.006320 0.025693
6 0.537630 0.839774 0.019740 0.092801
1 0.208440 0.945151 0.104840 0.109699
10 0.676610 0.848057 0.019940 0.042319
6 0.093410 0.807048 0.021380 0.089880
6 0.860850 0.803675 0.020060 0.069337
0 0.368530 0.540602 0.030740 0.014157
0 0.111850 0.565964 0.024420 0.021265
0 0.546380 0.541416 0.032080 0.026506
7 0.270250 0.503449 0.010380 0.039669
7 0.404210 0.506114 0.012380 0.041024
7 0.199330 0.526973 0.009900 0.043946
7 0.505260 0.549518 0.005880 0.024578
7 0.532970 0.619774 0.010700 0.038343
7 0.798150 0.702846 0.015340 0.035331
6 0.455000 0.695783 0.842000 0.355422