0 0.947198 0.553422 0.104604 0.129469
3 0.468604 0.528789 0.215958 0.119391
7 0.756354 0.491031 0.257083 0.497750
6 0.215531 0.513445 0.045146 0.103328
6 0.251031 0.507953 0.039854 0.097875
6 0.299781 0.513687 0.057312 0.107906
6 0.358656 0.497016 0.030188 0.076625
6 0.372937 0.479539 0.018583 0.040328
6 0.557875 0.475953 0.025167 0.032062
6 0.112875 0.472430 0.036958 0.053422
6 0.064750 0.469453 0.037667 0.032437
7 0.928698 0.298563 0.045813 0.062875
0 0.081604 0.535187 0.163208 0.135063
3 0.607354 0.505437 0.074292 0.073781