16 0.839312 0.294509 0.014063 0.053027
16 0.756352 0.224008 0.023141 0.055365
16 0.124891 0.163455 0.012844 0.078058
16 0.446609 0.339906 0.031531 0.080522
16 0.157531 0.245177 0.015688 0.030104
16 0.164031 0.305825 0.013594 0.050021
24 0.593109 0.653466 0.056406 0.080334
16 0.867945 0.136681 0.028266 0.080209
16 0.376305 0.241942 0.018172 0.049520
16 0.031852 0.464916 0.063703 0.032881
18 0.625969 0.554238 0.067938 0.048351
24 0.671070 0.552035 0.043672 0.086618
24 0.635078 0.670511 0.052187 0.080981
24 0.256297 0.636722 0.126688 0.195324
24 0.317586 0.647161 0.056703 0.081044
24 0.608047 0.430073 0.033125 0.058601
24 0.579367 0.425084 0.028203 0.053340
24 0.641016 0.435668 0.030375 0.082192
24 0.464992 0.519123 0.025547 0.066180
24 0.452352 0.514656 0.012141 0.058914
24 0.143008 0.586367 0.122828 0.218539
24 0.847336 0.813967 0.305328 0.328852
24 0.536117 0.636587 0.058016 0.082818
24 0.552344 0.730689 0.848437 0.534447