9 0.151023 0.791431 0.210672 0.417139
6 0.569562 0.701000 0.095188 0.580222
6 0.669312 0.694375 0.115031 0.606750
6 0.712867 0.292250 0.009609 0.030222
6 0.671414 0.317639 0.005734 0.050944
6 0.225000 0.578653 0.048031 0.316861
6 0.149727 0.495611 0.034797 0.164111
6 0.131047 0.492917 0.033406 0.163833
9 0.462016 0.461250 0.058188 0.052889
6 0.077687 0.472250 0.026406 0.107000
6 0.804742 0.561347 0.042703 0.262417
6 0.754977 0.540167 0.054047 0.281611
6 0.970008 0.453944 0.037891 0.254556
2 0.225492 0.441431 0.188422 0.218472
13 0.927406 0.088889 0.024125 0.037389
13 0.917227 0.132208 0.009266 0.009472
13 0.919133 0.158042 0.008359 0.009528
13 0.933586 0.143042 0.005422 0.005250
13 0.937531 0.152750 0.003656 0.004278
13 0.941422 0.164208 0.003250 0.002194
13 0.943172 0.134333 0.004031 0.001889
13 0.937117 0.098583 0.015703 0.017944
6 0.398445 0.657403 0.076766 0.486639
13 0.940617 0.125736 0.006766 0.009083
6 0.175453 0.488875 0.016406 0.168972
6 0.504687 0.563889 0.987500 0.661111