14 0.245891 0.813820 0.133500 0.198580
14 0.780867 0.850000 0.429734 0.281113
14 0.961930 0.778129 0.076141 0.134645
14 0.541039 0.729923 0.060609 0.052015
14 0.099961 0.791324 0.081453 0.115010
14 0.960766 0.715691 0.054438 0.056833
14 0.860383 0.710739 0.038391 0.051612
14 0.769297 0.698359 0.030156 0.054914
14 0.536648 0.701660 0.039109 0.029808
14 0.114562 0.663369 0.027750 0.034299
14 0.557320 0.670393 0.030766 0.043052
14 0.136281 0.659722 0.033656 0.038100
14 0.169813 0.758215 0.054625 0.069136
14 0.464062 0.694818 0.793750 0.172745