1 0.808516 0.493571 0.104531 0.059368
6 0.880539 0.496639 0.005297 0.031358
6 0.402719 0.548419 0.036062 0.148642
6 0.176187 0.606417 0.063719 0.342670
6 0.526195 0.698138 0.109453 0.525831
6 0.756414 0.620948 0.101359 0.302553
6 0.526828 0.565738 0.130219 0.278689
6 0.321836 0.540328 0.034078 0.163044
6 0.293523 0.529251 0.032109 0.170679
6 0.266273 0.536253 0.045766 0.173770
6 0.972328 0.565023 0.042625 0.096792
6 0.249656 0.528829 0.028500 0.168852
6 0.839039 0.528829 0.019797 0.086464
6 0.078187 0.487213 0.024687 0.099532
0 0.923297 0.503618 0.023344 0.014778