0 0.060242 0.643542 0.098859 0.053292
0 0.211063 0.650687 0.121188 0.054958
0 0.312531 0.643188 0.084219 0.054208
2 0.465469 0.644177 0.201531 0.216271
2 0.623844 0.605010 0.115469 0.100604
6 0.744063 0.679438 0.019656 0.100458
6 0.700211 0.690094 0.022016 0.094729
6 0.655109 0.684052 0.028562 0.098688
6 0.682758 0.681521 0.024391 0.094042
6 0.847258 0.699771 0.041016 0.120625
7 0.169359 0.554323 0.011438 0.039854
7 0.143578 0.551865 0.012156 0.050896
7 0.330047 0.555354 0.012188 0.052083
7 0.268516 0.563906 0.011156 0.043563
7 0.010531 0.556125 0.012000 0.042417
6 0.642594 0.699281 0.010375 0.039229
6 0.604406 0.669125 0.015344 0.052000
6 0.583602 0.672427 0.018984 0.088646
6 0.877422 0.676323 0.021562 0.102396
6 0.632477 0.687583 0.024203 0.088875
6 0.664563 0.639188 0.009625 0.020042
6 0.729734 0.693260 0.020125 0.082896
6 0.264062 0.626042 0.506250 0.056250