0 0.630922 0.470129 0.078062 0.062183
0 0.579250 0.464695 0.045500 0.059812
6 0.786305 0.481984 0.079453 0.209460
6 0.518648 0.468533 0.040891 0.111620
6 0.388883 0.452394 0.034078 0.117887
6 0.357836 0.455387 0.035641 0.094859
6 0.312508 0.463768 0.030578 0.105423
6 0.156656 0.455704 0.013375 0.061502
6 0.250883 0.456808 0.015828 0.074648
6 0.108000 0.450282 0.023313 0.111643
6 0.196539 0.449073 0.027609 0.095563
4 0.773891 0.543979 0.067344 0.159131
4 0.514367 0.508216 0.039172 0.094554
4 0.460828 0.507782 0.034875 0.090540
4 0.367445 0.499437 0.013641 0.057887
4 0.357562 0.494038 0.025438 0.076432
4 0.314406 0.489941 0.026063 0.070962
4 0.293328 0.485012 0.016719 0.065094
4 0.270180 0.480962 0.017484 0.060188
4 0.255109 0.477418 0.015813 0.051315
0 0.948562 0.481092 0.038406 0.025939
0 0.677914 0.450704 0.072266 0.044319
0 0.948336 0.474765 0.032891 0.025399
6 0.020078 0.425094 0.040156 0.348404
6 0.462281 0.462758 0.041750 0.111808
6 0.290070 0.463333 0.018891 0.081221
4 0.194883 0.480505 0.019234 0.056362
4 0.209695 0.486901 0.010672 0.030423
6 0.095211 0.449930 0.020984 0.110329
4 0.158852 0.467770 0.015078 0.040282
4 0.388727 0.499965 0.026641 0.088756
6 0.239844 0.453052 0.073438 0.093897