6 0.119016 0.248875 0.012437 0.036292
6 0.261781 0.280656 0.027969 0.051396
6 0.432633 0.291740 0.013422 0.038313
6 0.412188 0.253417 0.006594 0.025333
6 0.468820 0.263396 0.006172 0.031333
6 0.557578 0.270531 0.012469 0.027312
6 0.709492 0.297917 0.014578 0.045375
6 0.958508 0.423687 0.082984 0.062125
6 0.913891 0.399854 0.130594 0.033208
6 0.206914 0.254937 0.011953 0.025542
6 0.427406 0.253583 0.009875 0.019000
6 0.290023 0.255083 0.014266 0.067833
9 0.625508 0.453052 0.288703 0.139187
21 0.622062 0.389760 0.200500 0.138937
21 0.850273 0.365208 0.100172 0.065000
21 0.881664 0.344323 0.021859 0.035188
21 0.317094 0.288542 0.010031 0.028875
21 0.300797 0.290677 0.023469 0.021146
21 0.270641 0.289448 0.036063 0.036188
21 0.183984 0.291052 0.031469 0.034563
21 0.155945 0.293833 0.029547 0.033042
21 0.264711 0.279208 0.026734 0.022083
21 0.426906 0.299417 0.031906 0.055833
6 0.333289 0.347281 0.040797 0.035479
9 0.818297 0.347802 0.049188 0.012979
21 0.855852 0.338073 0.027984 0.033146
21 0.621156 0.467448 0.290187 0.167646
21 0.541312 0.297823 0.022312 0.039021
6 0.418750 0.270833 0.693750 0.158333