16 0.429703 0.668302 0.024969 0.083255
16 0.445133 0.766768 0.026891 0.102717
16 0.417570 0.770831 0.023859 0.056464
16 0.417984 0.790410 0.021500 0.041616
21 0.783328 0.889005 0.250313 0.221991
21 0.951898 0.771780 0.096203 0.402529
21 0.783906 0.841417 0.173188 0.270890
6 0.458680 0.540773 0.142266 0.262155
6 0.709242 0.719262 0.253234 0.558946
6 0.347273 0.610059 0.152328 0.309859
17 0.572664 0.707646 0.030984 0.091265
17 0.504211 0.674742 0.031203 0.042225
17 0.321977 0.813431 0.039672 0.075621
17 0.264992 0.821920 0.041109 0.115410
17 0.062641 0.939824 0.058344 0.120351
17 0.509820 0.649227 0.030453 0.060515
17 0.416203 0.865527 0.042625 0.127775
17 0.506773 0.739672 0.040172 0.092225
17 0.400055 0.712002 0.033859 0.061663
6 0.269805 0.641639 0.206859 0.307728
6 0.156680 0.730340 0.304359 0.485410
6 0.659680 0.596007 0.099203 0.208923
17 0.445539 0.685738 0.023766 0.041639
17 0.621703 0.654965 0.030875 0.074801
6 0.567906 0.544742 0.111688 0.261148
17 0.479672 0.657143 0.027781 0.075785
17 0.473438 0.749415 0.240625 0.257611