21 0.249734 0.615937 0.123656 0.182000
6 0.418742 0.475708 0.390391 0.581000
6 0.779516 0.571385 0.216344 0.347604
6 0.108711 0.538948 0.217422 0.377521
21 0.899344 0.638687 0.045438 0.249708
17 0.345969 0.826031 0.074687 0.177354
17 0.094578 0.903531 0.136719 0.192938
17 0.737062 0.938740 0.101031 0.122521
19 0.464937 0.768094 0.179250 0.138771
21 0.687719 0.638292 0.108156 0.208542
21 0.958094 0.585917 0.083812 0.148708
21 0.607172 0.564260 0.016937 0.085188
16 0.207469 0.805198 0.091563 0.389604
16 0.327969 0.353865 0.031750 0.098437
18 0.738531 0.939292 0.098437 0.121417