6 0.504328 0.866471 0.037188 0.207563
6 0.454406 0.814425 0.017156 0.107057
6 0.472672 0.795322 0.015469 0.067471
6 0.226203 0.868184 0.047781 0.174483
6 0.702180 0.810897 0.026953 0.109379
6 0.060609 0.837184 0.025750 0.064529
6 0.344328 0.795862 0.017969 0.078299
6 0.786055 0.813149 0.037328 0.073655
6 0.429617 0.801310 0.013453 0.025195
6 0.927680 0.780943 0.028297 0.075586
6 0.147172 0.865529 0.054281 0.181724
6 0.972250 0.779460 0.015906 0.081862
6 0.178766 0.881011 0.053687 0.166851
2 0.040633 0.746460 0.043547 0.022529
6 0.498437 0.791954 0.975000 0.126437