10 0.436297 0.154656 0.030438 0.021896
6 0.457000 0.120698 0.031031 0.098312
6 0.366805 0.131552 0.012109 0.056146
6 0.502578 0.120802 0.017375 0.036521
6 0.873875 0.120229 0.021906 0.092125
6 0.586969 0.131875 0.023500 0.034875
6 0.673156 0.118073 0.031094 0.083271
6 0.897047 0.122646 0.026375 0.074958
6 0.536883 0.126646 0.022984 0.064167
9 0.544562 0.136281 0.067250 0.038771
6 0.691727 0.115198 0.012484 0.069438
6 0.711664 0.099719 0.012766 0.057438
10 0.515281 0.145750 0.028031 0.028042
6 0.647281 0.135823 0.016594 0.022437
6 0.276141 0.303094 0.230000 0.463813
6 0.777289 0.172760 0.078109 0.032729
6 0.275781 0.120833 0.442188 0.112500