4 0.856806 0.377149 0.214755 0.156585
0 0.724730 0.181364 0.408611 0.174199
0 0.318489 0.144608 0.162337 0.084477
0 0.405417 0.120016 0.101846 0.074739
0 0.727688 0.079935 0.095866 0.034510
0 0.503742 0.128080 0.113595 0.077010
6 0.255057 0.565923 0.262925 0.462925
6 0.900114 0.296021 0.124346 0.264853
6 0.870417 0.116724 0.021748 0.066487
6 0.926879 0.115629 0.038922 0.078676
6 0.846609 0.115735 0.025082 0.064641
6 0.356699 0.144510 0.060392 0.095686
6 0.801569 0.109502 0.024837 0.039101
6 0.911275 0.088627 0.018725 0.039837
6 0.263399 0.117100 0.014216 0.029199
0 0.466609 0.099371 0.054428 0.025605
6 0.783873 0.100498 0.010784 0.019167
6 0.238685 0.101560 0.015408 0.017500
0 0.796479 0.091193 0.051389 0.029314