12 0.936578 0.342896 0.054594 0.111333
0 0.176523 0.599156 0.064797 0.084812
2 0.487078 0.469667 0.623594 0.692125
6 0.378094 0.536479 0.034250 0.042458
6 0.385297 0.299448 0.033031 0.052937
6 0.431625 0.538729 0.046406 0.041250
6 0.348562 0.314896 0.031562 0.042917
6 0.433180 0.291781 0.032641 0.038771
6 0.482406 0.271771 0.023375 0.049792
6 0.290953 0.534573 0.029250 0.033312
0 0.014688 0.616375 0.029375 0.071250
1 0.135664 0.524542 0.152891 0.206208
1 0.042828 0.534094 0.035781 0.135896
1 0.870227 0.528208 0.054328 0.036542
6 0.244461 0.341312 0.035953 0.053708
6 0.462297 0.535833 0.010156 0.034500
6 0.607469 0.577219 0.052594 0.167688
6 0.822133 0.528125 0.006203 0.023542
6 0.569172 0.254344 0.032219 0.037479
6 0.656281 0.611979 0.049219 0.242417
6 0.060937 0.523958 0.025000 0.043750