14 0.272617 0.734415 0.189391 0.333326
14 0.308914 0.511417 0.103203 0.119227
14 0.278531 0.492482 0.103156 0.103747
14 0.536086 0.427775 0.058266 0.067916
14 0.716906 0.450504 0.084781 0.087799
14 0.477563 0.443700 0.066844 0.082623
14 0.392469 0.420059 0.062281 0.066019
14 0.786516 0.429438 0.021531 0.064543
14 0.154648 0.390808 0.045766 0.052389
14 0.417609 0.418735 0.053219 0.065480
14 0.464789 0.731323 0.269828 0.346159
14 0.411188 0.505726 0.106000 0.118618
14 0.638133 0.448489 0.077703 0.085925