4 0.935477 0.649294 0.034109 0.135231
0 0.247250 0.693345 0.186000 0.291849
0 0.122391 0.678516 0.126719 0.204039
3 0.822250 0.621119 0.048062 0.118102
3 0.847945 0.567019 0.016203 0.040754
2 0.534437 0.550292 0.406000 0.667981
6 0.039086 0.667433 0.071422 0.280998
6 0.935859 0.587579 0.047250 0.164647
6 0.553328 0.435900 0.069937 0.109805
6 0.823695 0.552275 0.043234 0.076959
6 0.869297 0.569574 0.027406 0.111265
6 0.749852 0.579635 0.029922 0.135377
6 0.774102 0.543637 0.010391 0.068978
6 0.993461 0.541107 0.013078 0.070292
6 0.803750 0.540925 0.020719 0.053625
6 0.419305 0.424866 0.084984 0.127835
4 0.046977 0.753029 0.081109 0.215888
3 0.748945 0.635864 0.036984 0.148516
6 0.848000 0.556338 0.013937 0.039051
0 0.209031 0.557871 0.159781 0.043577