13 0.822055 0.292691 0.058328 0.041612
17 0.053914 0.841817 0.044672 0.097295
6 0.354687 0.664044 0.236469 0.186503
6 0.977789 0.620287 0.038859 0.192978
6 0.356734 0.568279 0.046031 0.157596
6 0.934211 0.623579 0.040141 0.181585
6 0.858273 0.662227 0.038891 0.112432
6 0.129258 0.611311 0.027172 0.127213
6 0.155125 0.597254 0.016219 0.030956
6 0.707492 0.595656 0.061391 0.205137
6 0.214344 0.598019 0.013875 0.025546
13 0.476031 0.170096 0.034687 0.025437
6 0.759469 0.610410 0.033844 0.249563
6 0.605609 0.691844 0.270656 0.101721
4 0.134031 0.693156 0.071031 0.054508
6 0.332437 0.605219 0.010875 0.043552
6 0.619539 0.649740 0.022234 0.050683
6 0.503906 0.546448 0.989062 0.327869