0 0.638297 0.564252 0.141000 0.091963
0 0.546234 0.549463 0.046687 0.044673
2 0.870523 0.532652 0.258953 0.139650
6 0.419852 0.611495 0.033391 0.139533
6 0.539062 0.708668 0.075344 0.182850
6 0.565891 0.624755 0.037469 0.164930
6 0.352219 0.597442 0.022500 0.116425
6 0.669133 0.636507 0.042734 0.180023
6 0.173742 0.644755 0.083891 0.242360
6 0.317383 0.600935 0.032141 0.117430
6 0.482469 0.638960 0.045844 0.181752
6 0.616648 0.550374 0.020422 0.055140
2 0.448727 0.518925 0.172266 0.096916
7 0.740016 0.263341 0.027469 0.073364
7 0.171164 0.479100 0.008172 0.013061
6 0.765461 0.742301 0.108891 0.357173
6 0.628070 0.643002 0.044953 0.225864
6 0.267641 0.580724 0.027344 0.132056
0 0.904578 0.581460 0.175437 0.084556
0 0.711688 0.547909 0.064250 0.061379
6 0.245844 0.580245 0.027500 0.133855
0 0.248961 0.530187 0.055766 0.038364
7 0.482445 0.296086 0.018953 0.029276
7 0.559187 0.286729 0.006594 0.026776
7 0.207375 0.424673 0.014656 0.056215
1 0.710438 0.549790 0.065375 0.066495
6 0.091406 0.565421 0.123438 0.107477