0 0.394953 0.245526 0.207281 0.170782
6 0.056086 0.451981 0.087266 0.375283
6 0.182172 0.613922 0.131625 0.528275
6 0.371914 0.466739 0.084672 0.390997
6 0.455258 0.704906 0.107672 0.554987
6 0.562820 0.610027 0.117641 0.400863
6 0.715375 0.514906 0.087969 0.483720
6 0.631563 0.483437 0.106344 0.545849
6 0.539484 0.354798 0.093375 0.333315
6 0.767617 0.275984 0.102359 0.267978
6 0.599875 0.830337 0.173250 0.316846
6 0.683805 0.318733 0.043328 0.102588
6 0.691531 0.249744 0.071656 0.160566
4 0.941078 0.086213 0.113844 0.117817
4 0.892898 0.366388 0.042266 0.186307
1 0.178133 0.225364 0.169859 0.338706
0 0.719656 0.215876 0.344875 0.205283
0 0.968664 0.200189 0.062672 0.070243
1 0.090469 0.214730 0.134344 0.259003
1 0.020352 0.237763 0.040703 0.318383
6 0.733484 0.187925 0.025563 0.100216
8 0.416320 0.040256 0.127984 0.080512
0 0.324078 0.319946 0.174906 0.298329
6 0.789062 0.520216 0.084375 0.339623