0 0.972484 0.565844 0.055031 0.063854
0 0.960430 0.525000 0.079141 0.052042
21 0.371867 0.802490 0.049859 0.087771
21 0.617953 0.638292 0.023625 0.045125
1 0.333453 0.561031 0.472750 0.276646
1 0.855266 0.551083 0.142625 0.056917
6 0.480672 0.881323 0.074062 0.236188
6 0.532094 0.908781 0.111500 0.157646
6 0.950719 0.674802 0.040312 0.095729
6 0.410773 0.927573 0.048922 0.097479
6 0.290727 0.758052 0.062266 0.182354
6 0.362070 0.673625 0.048891 0.138750
6 0.313219 0.659292 0.031969 0.089625
6 0.675664 0.609125 0.035672 0.140167
6 0.598305 0.607208 0.027172 0.107875
6 0.792766 0.794156 0.032281 0.203437
6 0.431305 0.706990 0.026328 0.132312
6 0.350641 0.664000 0.022281 0.120917
21 0.339656 0.793135 0.030187 0.086979
21 0.015805 0.724948 0.031609 0.064646
6 0.105344 0.803354 0.044000 0.192333
21 0.041383 0.685740 0.015266 0.053187
21 0.011719 0.735990 0.004031 0.023604
21 0.864000 0.650927 0.051094 0.073479
6 0.499219 0.721875 0.998437 0.552083