10 0.570820 0.422213 0.106484 0.129297
24 0.266937 0.358630 0.117969 0.141991
24 0.451031 0.087447 0.103219 0.174895
24 0.829086 0.177775 0.092484 0.347728
24 0.197344 0.113911 0.093469 0.175082
24 0.895086 0.171534 0.089953 0.168548
24 0.514352 0.071440 0.068484 0.142881
22 0.880258 0.630105 0.236734 0.713981
22 0.151367 0.392717 0.291266 0.518267
6 0.699492 0.442576 0.187828 0.364871
6 0.430719 0.588302 0.172000 0.437963
17 0.255492 0.443244 0.029953 0.052998
10 0.523234 0.501382 0.049750 0.132319
17 0.414797 0.323337 0.023688 0.042131
24 0.980453 0.137096 0.039094 0.122295
24 0.504617 0.201042 0.095953 0.117775