19 0.605979 0.804047 0.216458 0.102125
19 0.579833 0.706570 0.181375 0.068484
19 0.359375 0.847617 0.118167 0.062953
19 0.190406 0.875617 0.124979 0.058766
19 0.590365 0.632266 0.106937 0.038812
19 0.536448 0.581813 0.076438 0.038687
19 0.555073 0.543844 0.115104 0.033875
19 0.559031 0.475227 0.062479 0.011047
6 0.590458 0.353289 0.076958 0.131078
6 0.354760 0.328750 0.051021 0.073313
6 0.191510 0.776125 0.382104 0.447750
6 0.152625 0.428523 0.194917 0.159109
6 0.165615 0.423688 0.247979 0.293406
6 0.800000 0.649438 0.305625 0.656188
6 0.559854 0.384680 0.113875 0.166016
6 0.395458 0.493031 0.206458 0.325656
6 0.696406 0.275586 0.055646 0.097047
6 0.193177 0.316641 0.081646 0.103125
6 0.174927 0.516555 0.124562 0.080078
6 0.526406 0.310023 0.088604 0.142859
19 0.075667 0.504852 0.044125 0.022328
19 0.472594 0.415008 0.036271 0.009016
19 0.718833 0.514984 0.037208 0.041844
6 0.900833 0.323211 0.042167 0.081047
19 0.495135 0.409406 0.030979 0.028906
6 0.392708 0.385156 0.739583 0.348438