0 0.308961 0.561984 0.128766 0.120117
0 0.054719 0.595716 0.103438 0.139648
0 0.781992 0.551549 0.085641 0.086479
0 0.052352 0.535317 0.103047 0.122418
0 0.753016 0.514484 0.056250 0.040845
0 0.899523 0.537477 0.053703 0.084531
6 0.232594 0.762923 0.330562 0.474155
6 0.709828 0.540047 0.019750 0.069390
6 0.401203 0.679495 0.207812 0.641009
6 0.946492 0.696631 0.107016 0.530352
6 0.986156 0.566197 0.027688 0.099859
6 0.851023 0.497383 0.010766 0.041714
6 0.792398 0.495681 0.019766 0.020376
6 0.526609 0.765387 0.248969 0.469225
6 0.843766 0.494284 0.007219 0.033451
6 0.191969 0.516326 0.022250 0.047864
0 0.712586 0.507477 0.045703 0.074906
0 0.685383 0.813204 0.129422 0.347629
2 0.561578 0.421702 0.308312 0.384577
6 0.925398 0.536737 0.022203 0.085117
6 0.832570 0.501256 0.012391 0.034859