24 0.289070 0.084696 0.276734 0.164707
24 0.764031 0.105059 0.030531 0.046604
24 0.880383 0.081616 0.042578 0.066417
24 0.928117 0.074614 0.043016 0.109087
24 0.801906 0.084848 0.035500 0.028899
24 0.141945 0.025105 0.100016 0.049180
11 0.500312 0.472904 0.101781 0.230398
11 0.657172 0.271651 0.094969 0.058150
22 0.913227 0.554836 0.173547 0.868829
22 0.729070 0.301557 0.541859 0.435199
21 0.137148 0.516265 0.274297 0.509625
21 0.084266 0.158759 0.168531 0.217611
24 0.831906 0.043443 0.062625 0.086885