3 0.696052 0.546070 0.086979 0.051328
6 0.763333 0.724711 0.220917 0.424141
6 0.866427 0.655523 0.142021 0.315578
6 0.557854 0.517656 0.041167 0.055219
6 0.598906 0.522102 0.033646 0.059516
0 0.992375 0.535922 0.015250 0.028531
0 0.977563 0.530875 0.044875 0.027438
1 0.939365 0.525555 0.045146 0.027391
6 0.647958 0.508883 0.026083 0.033109
6 0.616469 0.519437 0.017271 0.051125
6 0.664021 0.509547 0.019458 0.028656
3 0.705104 0.526445 0.052417 0.022891
3 0.638229 0.545328 0.044375 0.042938
6 0.686969 0.507508 0.014146 0.017234