6 0.923984 0.509000 0.152031 0.166667
20 0.588961 0.650750 0.070953 0.032958
21 0.280391 0.407729 0.262375 0.141583
21 0.521328 0.382031 0.043281 0.143354
6 0.685117 0.287635 0.338766 0.489896
20 0.535070 0.571740 0.052172 0.030646
20 0.597016 0.574635 0.060156 0.039854
20 0.579320 0.613479 0.053141 0.032083
20 0.648391 0.604281 0.061531 0.039521
20 0.683711 0.516552 0.054953 0.049729
20 0.664148 0.683333 0.077266 0.066750
20 0.525031 0.616240 0.064875 0.039854
20 0.694773 0.648792 0.071734 0.071875
20 0.566336 0.468604 0.050859 0.050292
20 0.631703 0.509740 0.057313 0.045479
6 0.354547 0.325979 0.358438 0.459750