16 0.671141 0.115021 0.061156 0.227458
16 0.071070 0.459104 0.122859 0.241500
6 0.422609 0.067760 0.246031 0.135521
6 0.186656 0.082208 0.211156 0.162167
6 0.046141 0.081865 0.092281 0.163312
17 0.687789 0.695552 0.091922 0.153229
17 0.861031 0.618240 0.098969 0.168521
17 0.080898 0.674594 0.111234 0.168521
17 0.858703 0.079750 0.047156 0.070250
17 0.039625 0.233312 0.061094 0.084708
18 0.383086 0.402365 0.193047 0.178604
18 0.612695 0.336167 0.184828 0.178500
17 0.062258 0.577708 0.093172 0.129125
17 0.121414 0.215323 0.059609 0.091563
18 0.217242 0.471042 0.181484 0.163042
18 0.201625 0.681125 0.131281 0.142708
18 0.394383 0.586958 0.195516 0.195500
18 0.433578 0.242969 0.182594 0.161562
18 0.231664 0.250250 0.216672 0.157583
18 0.936969 0.443302 0.126062 0.221854
18 0.569187 0.486375 0.148125 0.124042
19 0.844547 0.282615 0.300656 0.204563
6 0.941602 0.019594 0.116797 0.039188
6 0.652336 0.050594 0.207609 0.101187
21 0.078125 0.084646 0.058594 0.156250
18 0.818688 0.049385 0.052656 0.055396
18 0.318297 0.170292 0.069937 0.055750
18 0.565297 0.140365 0.068094 0.065646
6 0.814898 0.032354 0.085609 0.064708
6 0.052437 0.866104 0.103062 0.267792
17 0.869633 0.025302 0.051359 0.050604