0 0.509352 0.563990 0.053891 0.074063
3 0.713883 0.600448 0.038297 0.071479
3 0.736523 0.570146 0.013641 0.047833
3 0.524539 0.669552 0.083734 0.168646
3 0.651523 0.616500 0.038953 0.093667
3 0.714859 0.547604 0.016000 0.028875
2 0.620500 0.523490 0.175344 0.184854
6 0.529906 0.627906 0.076906 0.186271
6 0.650117 0.579396 0.046391 0.101583
6 0.737477 0.550552 0.019641 0.067521
6 0.527609 0.598333 0.026281 0.040375
6 0.719984 0.572937 0.033250 0.090583
6 0.867461 0.568365 0.032109 0.126437
6 0.908992 0.569333 0.029516 0.104917
6 0.943836 0.568250 0.042391 0.114583
6 0.666227 0.579531 0.018891 0.094354
6 0.899844 0.543177 0.019156 0.083604
6 0.561016 0.595937 0.030000 0.124833
6 0.363250 0.560385 0.017563 0.032146
6 0.645273 0.560771 0.016703 0.017042