0 0.304031 0.148948 0.031781 0.020937
0 0.203203 0.118385 0.029375 0.020646
5 0.507555 0.544000 0.887578 0.472042
6 0.304781 0.416823 0.019062 0.047354
1 0.871359 0.130562 0.040781 0.043250
6 0.265711 0.287687 0.007578 0.030000
6 0.641914 0.306906 0.005047 0.010979
0 0.272602 0.137875 0.032828 0.018708
0 0.004617 0.070688 0.008609 0.014375
0 0.120828 0.116865 0.034781 0.019604
0 0.107445 0.096156 0.032891 0.018979
0 0.162531 0.124875 0.036688 0.017250
0 0.071055 0.107365 0.028609 0.019938
0 0.036773 0.101281 0.032391 0.013646
0 0.017070 0.244333 0.028109 0.021167
0 0.041039 0.081698 0.036953 0.023771
6 0.111797 0.240927 0.010969 0.022729