4 0.073383 0.426875 0.143547 0.539792
0 0.457242 0.152698 0.240578 0.289521
0 0.384219 0.044490 0.044344 0.077063
3 0.575562 0.440448 0.793812 0.723604
6 0.656461 0.120229 0.092703 0.200000
6 0.109805 0.043281 0.082578 0.084854
6 0.074070 0.062365 0.085734 0.124729
0 0.562773 0.078719 0.030797 0.034229
0 0.767188 0.121792 0.035906 0.028708
0 0.732445 0.117021 0.035047 0.031458
4 0.307906 0.126417 0.026156 0.114500
4 0.253453 0.107396 0.058531 0.099542
17 0.110469 0.037385 0.009406 0.015562
4 0.286836 0.124177 0.034391 0.128062
4 0.298063 0.121667 0.020344 0.105125