0 0.860711 0.374544 0.166797 0.167480
0 0.547094 0.314786 0.018594 0.092842
1 0.605250 0.297949 0.105844 0.213003
6 0.316398 0.582962 0.217078 0.693003
6 0.523781 0.329678 0.042125 0.140054
6 0.432391 0.327332 0.028781 0.125603
6 0.473398 0.317949 0.026703 0.113432
6 0.503391 0.299584 0.012875 0.057936
6 0.532445 0.344129 0.015297 0.074048
6 0.877172 0.314960 0.012688 0.020858
6 0.458453 0.298861 0.007719 0.049517
1 0.962492 0.325710 0.075016 0.167775
1 0.860516 0.278753 0.107813 0.047212
0 0.794867 0.310952 0.024516 0.056166
0 0.499336 0.278646 0.027328 0.039062
6 0.487164 0.298217 0.009891 0.060509
0 0.991234 0.499517 0.017531 0.154906