0 0.583695 0.637017 0.106859 0.065048
0 0.932977 0.642246 0.131078 0.069710
2 0.148656 0.593865 0.296656 0.212560
6 0.454758 0.718756 0.073109 0.273792
6 0.742070 0.629746 0.019547 0.079686
6 0.711984 0.623527 0.016719 0.080918
6 0.789313 0.624698 0.014031 0.073261
6 0.778773 0.760580 0.081828 0.275894
0 0.533969 0.603732 0.033906 0.038671
7 0.539406 0.181208 0.030438 0.098986
7 0.785242 0.515459 0.026172 0.075169
7 0.750859 0.472850 0.017375 0.075362
7 0.508781 0.182597 0.026187 0.086932
6 0.836891 0.644577 0.013719 0.075725
6 0.670234 0.599722 0.007000 0.037512
6 0.503844 0.593949 0.014125 0.023309
6 0.487813 0.589130 0.007281 0.021208
7 0.236484 0.402512 0.012125 0.046618
7 0.210523 0.401812 0.012234 0.042464
0 0.619563 0.614553 0.043219 0.051957
7 0.222367 0.402162 0.015234 0.050797
6 0.761250 0.619505 0.011406 0.067029
6 0.513742 0.588961 0.008203 0.014734
7 0.629477 0.560833 0.006578 0.014469
7 0.643695 0.563466 0.003828 0.009589
7 0.720977 0.564010 0.005453 0.019952
0 0.497563 0.608357 0.032062 0.037391