0 0.273344 0.238850 0.245594 0.156291
0 0.266492 0.339249 0.226578 0.217136
6 0.141352 0.574155 0.282703 0.851690
6 0.631219 0.605622 0.158563 0.559554
6 0.285313 0.608357 0.097906 0.401643
6 0.302078 0.356984 0.115437 0.396408
6 0.399984 0.376174 0.072094 0.339296
6 0.601000 0.267347 0.046531 0.164930
6 0.540203 0.310998 0.065000 0.288005
6 0.492203 0.432969 0.154656 0.602559
6 0.666109 0.262570 0.049844 0.267019
6 0.566531 0.284800 0.037938 0.198474
0 0.367336 0.225047 0.105578 0.073756
6 0.547836 0.196432 0.019797 0.056573
1 0.021961 0.181455 0.043922 0.050235
1 0.352992 0.178509 0.227484 0.086502
6 0.582195 0.211608 0.023953 0.102934
3 0.126820 0.342582 0.253641 0.170282
6 0.621875 0.258216 0.075000 0.197183