8 0.401198 0.210508 0.611479 0.420578
0 0.572479 0.821172 0.106042 0.057594
0 0.321271 0.802406 0.053625 0.028344
0 0.176542 0.809781 0.094833 0.048844
0 0.608177 0.804594 0.065854 0.048531
0 0.066708 0.817406 0.133417 0.055625
0 0.349542 0.801078 0.027583 0.028313
0 0.456979 0.792672 0.031833 0.022344
7 0.594010 0.765664 0.014979 0.016016
7 0.439760 0.760445 0.016437 0.016547
0 0.265583 0.805633 0.083208 0.034766
0 0.638510 0.796086 0.035437 0.030234
0 0.633490 0.783234 0.045396 0.017312
7 0.612260 0.763172 0.015729 0.011531