5 0.392203 0.441082 0.564531 0.248329
6 0.447125 0.840682 0.067781 0.283482
6 0.598039 0.826800 0.057953 0.089412
6 0.628172 0.812929 0.019031 0.062424
6 0.680469 0.755024 0.030438 0.127788
6 0.666039 0.731541 0.024047 0.120306
6 0.639891 0.689612 0.020719 0.061012
6 0.370820 0.800753 0.021703 0.097553
6 0.536461 0.726929 0.022641 0.062188
6 0.330508 0.740659 0.010891 0.038776
6 0.360219 0.752071 0.011656 0.058353
21 0.959414 0.871094 0.081172 0.118235
21 0.824578 0.921012 0.219969 0.157176
21 0.676828 0.944565 0.225281 0.110871
21 0.653570 0.887106 0.156297 0.116518
21 0.628508 0.886718 0.135047 0.118753
21 0.604016 0.851012 0.115313 0.096094
21 0.621172 0.870929 0.125188 0.091600
21 0.582898 0.802541 0.086641 0.081271
21 0.622453 0.827612 0.062906 0.088541
21 0.571172 0.792906 0.037437 0.042706
6 0.911781 0.751941 0.037031 0.161388
6 0.247719 0.739741 0.007563 0.018165
21 0.568414 0.844235 0.036641 0.024612
6 0.656000 0.737012 0.024000 0.107765
6 0.492969 0.757647 0.982812 0.249412