20 0.580086 0.769661 0.141266 0.222453
20 0.922477 0.741273 0.155047 0.225397
20 0.592805 0.599766 0.144984 0.181075
20 0.575766 0.454556 0.132812 0.160421
20 0.583375 0.317570 0.125156 0.147850
20 0.715930 0.117208 0.114453 0.140350
20 0.746875 0.720853 0.154531 0.211565
20 0.751258 0.537664 0.144172 0.181822
20 0.925687 0.547290 0.143437 0.184346
20 0.725094 0.391192 0.135000 0.183271
20 0.398125 0.417220 0.136031 0.208318
20 0.838961 0.250900 0.126141 0.170537
20 0.351562 0.707944 0.687500 0.434579