4 0.397500 0.793923 0.132000 0.344098
0 0.280813 0.522319 0.062594 0.074098
0 0.322430 0.518009 0.040109 0.061218
0 0.021641 0.582939 0.043281 0.106206
2 0.244750 0.462998 0.103188 0.175597
2 0.348703 0.449344 0.042937 0.051429
6 0.399563 0.625843 0.148438 0.442693
6 0.570711 0.663489 0.079891 0.371382
4 0.176695 0.537319 0.010891 0.033888
6 0.656836 0.515445 0.019109 0.084988
6 0.174664 0.518806 0.022609 0.059485
4 0.730602 0.674016 0.079734 0.174871
2 0.307281 0.440656 0.049406 0.089321
6 0.521086 0.512377 0.009047 0.035902
6 0.494734 0.501323 0.008656 0.044333
6 0.517906 0.504719 0.009000 0.044379
4 0.741391 0.712166 0.094313 0.253513
8 0.728133 0.214333 0.091453 0.133443