16 0.495427 0.598391 0.091104 0.233938
16 0.195573 0.519578 0.088521 0.207719
16 0.142906 0.518547 0.067813 0.238031
6 0.554667 0.317336 0.547542 0.506672
6 0.173500 0.346242 0.279292 0.399578
17 0.726406 0.557414 0.078396 0.072453
19 0.512354 0.849172 0.665167 0.251687
17 0.780552 0.571195 0.085354 0.077734
17 0.902615 0.690102 0.130146 0.144172
17 0.083146 0.535711 0.064583 0.059047
18 0.060510 0.659102 0.121021 0.157922
21 0.883865 0.427445 0.145021 0.108766
6 0.066667 0.329000 0.126500 0.365625
17 0.425167 0.542211 0.073583 0.077828
17 0.791323 0.682625 0.076813 0.054031
17 0.584844 0.656109 0.068646 0.029344