3 0.705461 0.672917 0.120391 0.267875
6 0.742891 0.591865 0.023781 0.089563
6 0.322695 0.553885 0.007391 0.020688
4 0.927883 0.644438 0.088109 0.072500
4 0.783781 0.618552 0.029469 0.040396
4 0.978875 0.706708 0.041156 0.158542
4 0.826617 0.634781 0.053766 0.074937
4 0.612359 0.741656 0.056469 0.237646
4 0.916914 0.729917 0.038109 0.046375
4 0.882961 0.634802 0.066891 0.055396
4 0.865602 0.635094 0.057828 0.060437
4 0.783836 0.589781 0.039609 0.039229
4 0.796891 0.561521 0.049063 0.031333
4 0.891937 0.594500 0.043531 0.025958
4 0.884375 0.678125 0.100000 0.081250