16 0.383680 0.614052 0.027922 0.132787
16 0.511227 0.559567 0.015766 0.074543
16 0.526547 0.574895 0.016469 0.045948
16 0.545883 0.574297 0.017922 0.058712
0 0.238711 0.534426 0.224391 0.153489
16 0.407898 0.584614 0.042641 0.145574
17 0.410984 0.802705 0.054781 0.092951
17 0.422391 0.630632 0.026344 0.078033
17 0.588930 0.582108 0.025484 0.022763
23 0.806688 0.635070 0.098781 0.345457
1 0.245445 0.541452 0.235078 0.181358
18 0.149133 0.701639 0.100047 0.137237
17 0.014516 0.311511 0.029031 0.104052
17 0.029555 0.330082 0.026422 0.065363