3 0.492062 0.548308 0.370656 0.566286
6 0.471016 0.429571 0.252562 0.597297
6 0.342758 0.223209 0.059172 0.234374
6 0.813258 0.139022 0.060984 0.064110
6 0.280539 0.228385 0.097578 0.337121
6 0.193070 0.231132 0.046797 0.207846
6 0.147000 0.226868 0.055031 0.225912
6 0.105914 0.226725 0.083266 0.345451
6 0.942633 0.121033 0.032172 0.084967
6 0.448750 0.205253 0.049906 0.103516
6 0.380609 0.186780 0.051656 0.209033
6 0.891852 0.081418 0.026234 0.072901
6 0.234484 0.087176 0.024375 0.032681
0 0.772844 0.200440 0.454313 0.292352
6 0.925070 0.113857 0.033266 0.089033