0 0.279070 0.701077 0.268297 0.253770
0 0.466242 0.618501 0.049047 0.170585
0 0.360578 0.624344 0.181406 0.238197
3 0.508813 0.722412 0.099156 0.223326
2 0.728664 0.470785 0.233891 0.447190
6 0.513906 0.680281 0.097875 0.274941
6 0.834516 0.623091 0.041938 0.203607
6 0.969422 0.694496 0.061156 0.369836
7 0.857180 0.391054 0.079859 0.613583
6 0.671352 0.526897 0.041422 0.051265
1 0.531375 0.577026 0.142687 0.232506
1 0.155922 0.594379 0.206906 0.186511
1 0.611023 0.562201 0.033578 0.195504
6 0.910070 0.769660 0.116953 0.420211