2 0.684430 0.533712 0.505266 0.537073
2 0.210852 0.571674 0.268078 0.435667
6 0.145734 0.519824 0.071625 0.070328
6 0.740070 0.314192 0.046578 0.054052
0 0.404281 0.630340 0.040969 0.051171
0 0.356664 0.624719 0.025828 0.063911
6 0.594672 0.363536 0.025094 0.043841
6 0.707320 0.564040 0.030453 0.040492
6 0.801680 0.591042 0.033922 0.098431
6 0.778695 0.608478 0.015453 0.040843
6 0.850562 0.328372 0.056312 0.063302
6 0.806281 0.328431 0.042406 0.048899
6 0.545406 0.371253 0.031187 0.066300
6 0.488867 0.390761 0.020984 0.056370
6 0.508750 0.380539 0.011562 0.028056
6 0.565586 0.375117 0.025266 0.043958
6 0.960359 0.648770 0.023188 0.090375