2 0.610969 0.436511 0.526250 0.786511
2 0.932773 0.474602 0.134453 0.417916
7 0.323523 0.370773 0.035047 0.094005
6 0.168445 0.666909 0.043734 0.253255
6 0.217391 0.661920 0.056125 0.267026
6 0.063406 0.659005 0.049625 0.280585
6 0.152477 0.619567 0.030203 0.208361
6 0.314664 0.646827 0.043859 0.245785
6 0.133258 0.531909 0.016391 0.078946
6 0.229680 0.549169 0.024516 0.069953
6 0.166234 0.505410 0.009781 0.052506
6 0.250758 0.648454 0.034828 0.225012
6 0.268672 0.631651 0.033594 0.230703
7 0.128023 0.420176 0.014484 0.038759
7 0.067922 0.427600 0.011875 0.035621
7 0.194008 0.415176 0.021797 0.081967
7 0.046750 0.415632 0.018562 0.064801
7 0.344172 0.351920 0.024875 0.131382
6 0.093375 0.618934 0.034375 0.248314
6 0.453539 0.527201 0.052078 0.088454
2 0.248672 0.463677 0.064344 0.114941
7 0.276016 0.424778 0.009500 0.034520
7 0.004555 0.448044 0.007484 0.039274
7 0.227305 0.414930 0.013641 0.067143
6 0.021492 0.570375 0.028234 0.134895
0 0.295070 0.514532 0.049422 0.074590
0 0.347992 0.510890 0.028359 0.026932
2 0.347922 0.446768 0.031188 0.057283
6 0.192969 0.598361 0.357812 0.306792