0 0.325594 0.543042 0.061156 0.028750
0 0.333008 0.502490 0.058203 0.036813
0 0.147187 0.565260 0.072625 0.045646
0 0.141805 0.494823 0.061047 0.040688
0 0.779375 0.605563 0.055719 0.036667
5 0.707922 0.098250 0.232219 0.108000
5 0.295086 0.119688 0.111516 0.057542
2 0.681047 0.505052 0.225375 0.078646
6 0.436547 0.470375 0.008469 0.036292
6 0.296094 0.465625 0.007563 0.029208
0 0.581344 0.547635 0.060344 0.036188
6 0.201352 0.456677 0.011797 0.033021
6 0.373227 0.462458 0.011016 0.033792
6 0.339219 0.465771 0.011000 0.026417
6 0.290617 0.463521 0.004797 0.029292
6 0.263766 0.462427 0.009500 0.032063
6 0.247219 0.460604 0.009063 0.033708
6 0.499414 0.470052 0.008766 0.030479
6 0.017211 0.441187 0.011078 0.032000
6 0.113180 0.448396 0.011422 0.031542
0 0.437930 0.545760 0.053641 0.034896
0 0.988867 0.563094 0.022266 0.038562
0 0.008367 0.520094 0.014953 0.043354
6 0.270547 0.452625 0.006719 0.031083
5 0.046656 0.133948 0.031563 0.022563
6 0.489063 0.290625 0.975000 0.439583