0 0.438977 0.808803 0.015297 0.045266
0 0.496945 0.874043 0.025453 0.062766
0 0.493414 0.831543 0.015953 0.054362
0 0.536453 0.856729 0.017625 0.078564
0 0.489711 0.781835 0.015766 0.041223
0 0.489594 0.753590 0.016812 0.049521
0 0.453953 0.891090 0.022187 0.065585
0 0.449898 0.968590 0.025516 0.058883
6 0.376781 0.943989 0.008094 0.055957
6 0.394398 0.943271 0.009109 0.089734
6 0.563219 0.938511 0.005844 0.076383
1 0.520227 0.880904 0.024016 0.125106
7 0.511922 0.677793 0.004125 0.011330
6 0.570937 0.914920 0.008688 0.073777
0 0.463266 0.783936 0.014094 0.052447
0 0.553211 0.973245 0.028266 0.053511
1 0.375211 0.982553 0.040203 0.034894
6 0.376648 0.863989 0.006797 0.048404
0 0.495320 0.948590 0.022891 0.072500
7 0.496367 0.493617 0.005453 0.036383
6 0.529687 0.780000 0.003313 0.045106
0 0.491391 0.666330 0.005969 0.019787
0 0.491406 0.757979 0.076563 0.324468