16 0.235370 0.670050 0.043700 0.081203
17 0.220040 0.732431 0.048200 0.071579
6 0.920520 0.503371 0.158960 0.934812
6 0.831170 0.187268 0.102220 0.276391
16 0.136510 0.713860 0.037540 0.132331
21 0.956920 0.911654 0.086160 0.176692
6 0.703110 0.110514 0.190740 0.213810
6 0.605270 0.164987 0.188700 0.284110
6 0.475490 0.264850 0.215460 0.491153
6 0.359880 0.248935 0.104120 0.335614
6 0.273750 0.105376 0.143140 0.201779
6 0.742990 0.208271 0.133180 0.215789
6 0.085630 0.386115 0.169580 0.563759
6 0.727000 0.396203 0.321360 0.397469
6 0.350720 0.534574 0.220680 0.491353
6 0.063050 0.125927 0.126100 0.227143
17 0.183270 0.679662 0.044060 0.078471
17 0.034310 0.740088 0.055460 0.075263
17 0.087100 0.752306 0.051960 0.072632
17 0.396090 0.273985 0.026900 0.051729
6 0.211190 0.396579 0.191260 0.518772
6 0.555000 0.580201 0.650000 0.834586