16 0.553570 0.533844 0.017391 0.069104
22 0.835555 0.718427 0.256766 0.193813
22 0.334680 0.770969 0.285484 0.389229
17 0.712547 0.449448 0.016812 0.031396
17 0.906859 0.584062 0.021813 0.042500
17 0.544953 0.607750 0.017250 0.036625
6 0.505977 0.639865 0.121047 0.469521
6 0.134656 0.412063 0.044250 0.145625
6 0.727297 0.517938 0.105938 0.426000
6 0.823750 0.657427 0.196906 0.347021
6 0.162641 0.670792 0.170219 0.631458
6 0.363023 0.652573 0.162172 0.651104
6 0.300813 0.476729 0.054188 0.172125
6 0.606664 0.585458 0.107391 0.477333
6 0.924078 0.687656 0.129625 0.377771
17 0.036484 0.456073 0.016500 0.032979
17 0.247719 0.448260 0.012219 0.021187
17 0.262633 0.451021 0.012516 0.032375
17 0.778883 0.643875 0.016109 0.032833