16 0.156320 0.713653 0.081480 0.328640
16 0.087090 0.776347 0.077420 0.365600
16 0.036580 0.747027 0.041960 0.280773
6 0.683430 0.415880 0.456740 0.768560
6 0.065730 0.406747 0.128100 0.755040
6 0.919150 0.499693 0.161700 0.800187
20 0.410400 0.895507 0.261240 0.182000
6 0.303370 0.408987 0.391020 0.817973
17 0.694120 0.951453 0.115360 0.097093
17 0.022370 0.857653 0.044020 0.144800
17 0.646540 0.868347 0.094080 0.150293
17 0.807340 0.948493 0.113920 0.103013
17 0.676640 0.919840 0.101640 0.154880
17 0.771910 0.878653 0.101140 0.103387
17 0.041350 0.960720 0.082180 0.078560
6 0.112280 0.262587 0.085520 0.217440
17 0.735760 0.816720 0.094040 0.080427
17 0.823520 0.815120 0.093200 0.091200
17 0.913570 0.945920 0.116620 0.106400
17 0.875840 0.873813 0.111720 0.094507