4 0.369633 0.823384 0.200078 0.350354
4 0.226586 0.627972 0.106672 0.200330
4 0.556648 0.763101 0.204859 0.284269
4 0.068969 0.477925 0.025656 0.068491
0 0.103344 0.416958 0.025219 0.038349
2 0.298492 0.413491 0.296266 0.242689
2 0.053422 0.401722 0.075844 0.079057
6 0.372820 0.668691 0.178453 0.486769
6 0.558008 0.629941 0.137703 0.394741
6 0.491797 0.529540 0.063500 0.232807
6 0.163250 0.459741 0.034125 0.113679
4 0.160055 0.504693 0.031484 0.084906
6 0.713336 0.442925 0.034266 0.052877
6 0.461086 0.456486 0.014953 0.048255
6 0.818781 0.455849 0.035406 0.049292
6 0.232523 0.518550 0.104141 0.249175
6 0.741922 0.438384 0.030750 0.067665
6 0.069336 0.436675 0.029547 0.097453
4 0.475750 0.629623 0.057813 0.138208