0 0.875875 0.358258 0.171125 0.110109
0 0.971555 0.391109 0.056891 0.134125
0 0.831953 0.299445 0.079219 0.055766
2 0.697305 0.298211 0.228703 0.237672
6 0.389891 0.498875 0.420219 0.979781
7 0.538258 0.096539 0.063391 0.115266
6 0.757844 0.234922 0.056406 0.059937
6 0.678305 0.246188 0.027203 0.039406
6 0.620922 0.240281 0.013750 0.036625
6 0.711672 0.227711 0.026969 0.060391
6 0.939008 0.297820 0.017547 0.038391
7 0.757578 0.106391 0.016937 0.042469
7 0.777953 0.107445 0.012844 0.043141
7 0.924344 0.204445 0.013719 0.033172
7 0.975422 0.212062 0.018375 0.038937
1 0.702039 0.309586 0.184547 0.234766
7 0.917641 0.236539 0.010375 0.018797
7 0.643305 0.081469 0.043047 0.049719
7 0.936398 0.204469 0.007391 0.034313