3 0.484938 0.376164 0.118042 0.088547
6 0.277146 0.405109 0.186958 0.193781
6 0.531510 0.356219 0.111271 0.100906
6 0.307875 0.314539 0.127833 0.122453
6 0.118323 0.326227 0.032938 0.038078
6 0.069135 0.315055 0.030646 0.043547
6 0.677354 0.334930 0.024083 0.041297
6 0.689167 0.340609 0.017625 0.042937
6 0.773792 0.336922 0.047125 0.070906
6 0.557344 0.315172 0.020979 0.030031
6 0.470323 0.339016 0.048396 0.064531
16 0.682573 0.439180 0.022354 0.046422
6 0.732354 0.343430 0.033625 0.060797
6 0.149323 0.315008 0.035521 0.038391
3 0.568844 0.374039 0.044479 0.059484
24 0.212583 0.380992 0.023208 0.016016
24 0.112750 0.380281 0.082708 0.032156
6 0.757760 0.362023 0.060812 0.070297
6 0.347917 0.339062 0.650000 0.100000