4 0.514219 0.623281 0.967281 0.718896
4 0.141711 0.449990 0.282891 0.286479
0 0.492211 0.329073 0.451391 0.320479
0 0.817266 0.470854 0.363219 0.678917
0 0.302656 0.232583 0.093281 0.073333
6 0.248594 0.284271 0.193812 0.568542
6 0.618539 0.720229 0.522484 0.438208
6 0.070789 0.333708 0.141578 0.626958
6 0.599320 0.252833 0.063078 0.090958
6 0.669227 0.185771 0.049391 0.088958
6 0.018445 0.192448 0.036891 0.106812
6 0.584781 0.152406 0.058219 0.061646
0 0.144898 0.233771 0.038328 0.063375
8 0.545016 0.025833 0.017281 0.051625
6 0.480312 0.234594 0.032375 0.069396
4 0.229359 0.392729 0.251188 0.292917
6 0.709961 0.206917 0.034891 0.077000
0 0.324828 0.182750 0.056563 0.037708