12 0.320102 0.617974 0.289359 0.741569
12 0.847773 0.544122 0.151578 0.435504
12 0.685781 0.499356 0.120000 0.459789
6 0.470781 0.316593 0.113938 0.215714
6 0.571672 0.422471 0.144062 0.415152
6 0.677656 0.235082 0.094750 0.171803
6 0.848992 0.368232 0.107203 0.377681
6 0.895266 0.398361 0.074812 0.338126
6 0.081031 0.508384 0.049844 0.135222
6 0.109586 0.559274 0.075703 0.140843
6 0.051648 0.404192 0.040984 0.120375
6 0.156930 0.412319 0.028797 0.076066
6 0.059094 0.469625 0.032562 0.087822
6 0.138078 0.422564 0.032937 0.072482
6 0.144305 0.488806 0.029766 0.092178
6 0.107750 0.411475 0.030438 0.100468
6 0.496094 0.344262 0.992188 0.674473