10 0.405940 0.505320 0.153920 0.277680
21 0.330790 0.121347 0.088620 0.156720
21 0.398180 0.164173 0.059000 0.081893
6 0.578910 0.104640 0.093180 0.206240
6 0.122470 0.820947 0.238180 0.337840
6 0.402840 0.887507 0.244400 0.224987
6 0.625800 0.729493 0.087160 0.128160
6 0.677530 0.798867 0.306740 0.375280
6 0.820950 0.832213 0.209460 0.292800
6 0.975510 0.664413 0.048980 0.342320
6 0.301850 0.773760 0.277460 0.446187
6 0.420750 0.117933 0.095780 0.184133
6 0.680360 0.668107 0.122520 0.174240
6 0.733990 0.039293 0.071220 0.078587