0 0.365906 0.722736 0.119531 0.148919
0 0.234492 0.681774 0.037984 0.072466
0 0.612766 0.700389 0.117563 0.105912
6 0.960516 0.694527 0.019875 0.161959
7 0.926555 0.242703 0.025984 0.148311
7 0.954352 0.350473 0.019703 0.092703
7 0.453492 0.075422 0.036547 0.150845
1 0.453375 0.623209 0.247469 0.253716
0 0.276453 0.679679 0.054188 0.128412
0 0.200758 0.666605 0.032484 0.039899
0 0.582398 0.617990 0.036234 0.059561
10 0.946563 0.737973 0.015563 0.059595
0 0.151703 0.637449 0.022000 0.037331
0 0.179977 0.650372 0.031484 0.044865