21 0.454320 0.392946 0.119703 0.403075
21 0.392094 0.504765 0.047313 0.336197
6 0.260266 0.399026 0.248312 0.564061
6 0.624922 0.486338 0.377344 0.666854
17 0.251266 0.791526 0.080781 0.158638
17 0.268352 0.668732 0.069984 0.185681
17 0.735414 0.272969 0.031859 0.065282
17 0.794922 0.221103 0.041531 0.103709
18 0.483047 0.742840 0.147937 0.138169
20 0.482023 0.745164 0.056297 0.088685
17 0.663188 0.261338 0.025438 0.057324
20 0.110305 0.577758 0.054703 0.045282
18 0.111961 0.576256 0.088797 0.101761