6 0.508620 0.223813 0.011280 0.020693
6 0.106820 0.276267 0.021040 0.028907
6 0.664340 0.201747 0.027160 0.042907
6 0.557310 0.276280 0.025340 0.047653
15 0.842980 0.501280 0.314040 0.480907
15 0.603060 0.532400 0.279760 0.416907
15 0.393500 0.538013 0.245520 0.421520
15 0.184540 0.576187 0.250560 0.358933
6 0.177810 0.894373 0.106180 0.184267
6 0.326710 0.312707 0.030220 0.027120
6 0.955870 0.125800 0.017180 0.035387
15 0.055560 0.481973 0.111120 0.269067
6 0.467360 0.314707 0.025000 0.030853
6 0.540630 0.082293 0.015700 0.037493
6 0.514640 0.399947 0.024080 0.031573
6 0.531440 0.155827 0.015880 0.032187
6 0.192530 0.282240 0.022940 0.049973
6 0.549910 0.365800 0.019260 0.032560