6 0.662687 0.625843 0.254875 0.725831
6 0.537500 0.679766 0.142438 0.604496
6 0.974922 0.543630 0.050156 0.491054
6 0.769109 0.613185 0.085562 0.725808
6 0.821508 0.465269 0.044609 0.111991
6 0.207641 0.527237 0.186406 0.386557
6 0.200969 0.254883 0.112875 0.300117
6 0.374789 0.525820 0.134016 0.402974
6 0.554492 0.417845 0.135516 0.338033
6 0.074867 0.331148 0.117703 0.332131
6 0.346344 0.370972 0.081812 0.198759
6 0.097383 0.146663 0.114172 0.276932
1 0.920188 0.386300 0.101469 0.136393
6 0.125367 0.324649 0.077328 0.260211