6 0.600492 0.459944 0.320391 0.655485
6 0.116086 0.500000 0.232172 1.000000
6 0.389578 0.786670 0.024000 0.052295
6 0.774469 0.657062 0.012063 0.037071
6 0.508242 0.759869 0.021109 0.063358
6 0.475344 0.759580 0.026781 0.072929
6 0.525414 0.743172 0.023922 0.084179
9 0.302703 0.805942 0.059906 0.023004
9 0.179445 0.834478 0.036047 0.044888
6 0.604086 0.766213 0.061734 0.196306
6 0.619547 0.690877 0.010937 0.028396
6 0.882922 0.661045 0.027031 0.052313
6 0.937313 0.621912 0.015437 0.040616
6 0.758680 0.706987 0.050391 0.096101
6 0.251141 0.839981 0.027906 0.173918
6 0.587500 0.702425 0.684375 0.214552