12 0.642078 0.568817 0.589719 0.810749
6 0.324375 0.405234 0.144469 0.518103
6 0.957266 0.522881 0.034812 0.241967
6 0.667188 0.376405 0.173906 0.586534
6 0.926328 0.530855 0.032687 0.234122
6 0.980523 0.527717 0.038953 0.256183
6 0.083859 0.466499 0.036219 0.103911
6 0.015906 0.540082 0.030937 0.225363
6 0.241430 0.421183 0.027453 0.039461
6 0.110461 0.430539 0.025047 0.048056
12 0.321641 0.601721 0.556156 0.690796
6 0.034273 0.539731 0.045891 0.238103
6 0.056852 0.510972 0.028578 0.212342
6 0.179625 0.405562 0.022781 0.026909
6 0.129289 0.421452 0.020297 0.029789
6 0.513281 0.481265 0.970313 0.264637