4 0.910398 0.824778 0.057047 0.138294
0 0.460805 0.723750 0.070766 0.091659
0 0.504969 0.713680 0.078969 0.099743
0 0.897797 0.729907 0.068031 0.089019
0 0.567203 0.683458 0.058500 0.032617
3 0.558891 0.753902 0.068469 0.107290
6 0.269828 0.701811 0.023062 0.114089
6 0.277742 0.682745 0.018609 0.092079
6 0.566234 0.729147 0.044094 0.098902
6 0.175461 0.838563 0.058516 0.322874
6 0.297867 0.690526 0.014391 0.078248
6 0.124641 0.709428 0.049625 0.161986
7 0.484984 0.393925 0.047125 0.146542
7 0.826687 0.315806 0.046312 0.186612
7 0.874398 0.308107 0.016547 0.165981
6 0.871492 0.641916 0.014797 0.032523
0 0.631164 0.680853 0.030828 0.021752
0 0.904961 0.694147 0.058766 0.058248
1 0.371688 0.726554 0.118781 0.123201
24 0.121406 0.666040 0.110250 0.112687
24 0.785461 0.681717 0.059734 0.107033