16 0.143414 0.250492 0.135953 0.350359
21 0.734016 0.083187 0.117063 0.166375
17 0.845289 0.299211 0.156953 0.298203
17 0.955773 0.260133 0.088453 0.125547
18 0.737922 0.625008 0.462625 0.384234
18 0.184977 0.552914 0.360984 0.284766
18 0.553937 0.350711 0.222469 0.116859
18 0.440312 0.464266 0.163594 0.184031
17 0.755945 0.593945 0.186766 0.154609
18 0.320508 0.288266 0.336641 0.140750
18 0.698055 0.402562 0.192016 0.077438
18 0.581813 0.524289 0.290156 0.225266
21 0.540117 0.128562 0.292422 0.244500
21 0.029953 0.149211 0.059906 0.193734
21 0.161930 0.123188 0.299578 0.244125
21 0.966023 0.106086 0.067953 0.192047