20 0.479227 0.784529 0.336297 0.176212
6 0.594555 0.480024 0.202172 0.458588
6 0.490219 0.346071 0.168625 0.453929
6 0.104508 0.363294 0.111078 0.241835
6 0.151148 0.351071 0.063078 0.263694
6 0.393695 0.453212 0.224578 0.498329
6 0.045875 0.348165 0.084125 0.257741
6 0.716680 0.335729 0.079922 0.234094
6 0.791625 0.350412 0.088156 0.280024
6 0.949836 0.446012 0.099984 0.449435
6 0.181703 0.253447 0.039187 0.080682
6 0.214742 0.350871 0.100547 0.238871
6 0.677484 0.305624 0.062156 0.235812
6 0.276844 0.333976 0.057813 0.186541
21 0.759719 0.460576 0.064438 0.038282
21 0.132070 0.459165 0.055359 0.033482
6 0.475781 0.429412 0.951562 0.468235