24 0.334469 0.473281 0.167938 0.435312
24 0.555836 0.620125 0.074141 0.112542
21 0.658266 0.596208 0.148062 0.268250
22 0.201180 0.734979 0.276828 0.491417
17 0.866852 0.583042 0.015516 0.031792
17 0.843461 0.571698 0.024266 0.034021
21 0.348719 0.525781 0.156813 0.165187
17 0.890336 0.582958 0.007297 0.031625
17 0.519305 0.700271 0.033953 0.067917
18 0.472211 0.637094 0.032453 0.017896
18 0.495930 0.671135 0.078172 0.052604
18 0.057055 0.938656 0.078453 0.059854
21 0.517813 0.518271 0.096781 0.146208
21 0.916203 0.909458 0.167594 0.181083
17 0.881141 0.579542 0.010812 0.024750
22 0.657961 0.594500 0.157641 0.293750
22 0.348211 0.534083 0.147922 0.161750