4 0.710130 0.473747 0.027100 0.037360
4 0.781850 0.485560 0.077620 0.070107
4 0.829690 0.498480 0.031340 0.052747
4 0.287410 0.452213 0.031380 0.048107
4 0.932100 0.475147 0.062800 0.089973
4 0.966500 0.481133 0.039240 0.055600
0 0.313760 0.409480 0.073200 0.040347
2 0.129780 0.444933 0.259560 0.382027
4 0.889200 0.481253 0.030480 0.066453
4 0.868190 0.499253 0.026180 0.048853
4 0.740170 0.468240 0.021500 0.039947
4 0.626530 0.469933 0.046620 0.059440
1 0.312120 0.408640 0.075840 0.038933
4 0.766900 0.553440 0.132160 0.106667
4 0.586130 0.461267 0.019940 0.047067
4 0.983610 0.515800 0.029660 0.070107
4 0.582000 0.444000 0.692000 0.114667