0 0.918539 0.750562 0.161797 0.476417
0 0.855820 0.616563 0.091641 0.058333
3 0.331930 0.836719 0.143578 0.234229
3 0.668922 0.849094 0.148656 0.268021
1 0.555234 0.585552 0.151281 0.251188
7 0.762266 0.422594 0.008812 0.030937
7 0.875313 0.540094 0.010469 0.031396
7 0.887656 0.539969 0.011469 0.033354
6 0.377156 0.706094 0.200563 0.517146
6 0.685906 0.712135 0.230406 0.559146
6 0.617117 0.504115 0.030609 0.072604
6 0.560719 0.514031 0.037969 0.090563
6 0.532031 0.515333 0.037375 0.097417
6 0.498672 0.528677 0.038281 0.071854
6 0.592102 0.521000 0.030297 0.077708
6 0.202047 0.687083 0.086844 0.197167
0 0.474250 0.625812 0.027937 0.021042
6 0.518758 0.524083 0.018391 0.053833
6 0.500672 0.484375 0.018219 0.034458
6 0.576500 0.489708 0.015875 0.030333
0 0.134422 0.710385 0.264937 0.511688