6 0.133742 0.599006 0.066297 0.174767
6 0.685586 0.667394 0.073734 0.223144
6 0.245156 0.515375 0.058406 0.153225
15 0.765984 0.651552 0.379844 0.261968
15 0.679461 0.508103 0.205984 0.233327
15 0.277867 0.606815 0.116016 0.174726
6 0.181297 0.599108 0.039906 0.191440
6 0.222102 0.501156 0.035484 0.134523
6 0.692234 0.349746 0.020000 0.060872
6 0.727211 0.348377 0.027172 0.074361
6 0.748773 0.540477 0.053422 0.208053
6 0.774719 0.655994 0.064094 0.256694
9 0.963945 0.550071 0.032547 0.014868
21 0.085930 0.547059 0.026984 0.035294
21 0.048586 0.545892 0.028984 0.036572
21 0.027086 0.545041 0.026984 0.035477
21 0.011172 0.543915 0.022344 0.033955
21 0.071211 0.545801 0.022859 0.038296
21 0.108828 0.547728 0.018844 0.033793