0 0.826422 0.869835 0.143562 0.101976
5 0.499172 0.479588 0.995344 0.868494
6 0.031375 0.860059 0.026375 0.116118
6 0.080258 0.868988 0.026297 0.095200
6 0.626312 0.804718 0.032656 0.113106
6 0.657914 0.823271 0.034453 0.121882
6 0.729492 0.864482 0.020141 0.108400
6 0.704820 0.863329 0.029859 0.112776
6 0.766703 0.853882 0.021969 0.053929
6 0.675461 0.850835 0.019859 0.093106
6 0.818586 0.860647 0.032609 0.120447
6 0.921922 0.870400 0.022375 0.107906
6 0.995953 0.858118 0.008094 0.094635
6 0.149742 0.867800 0.020234 0.098471
6 0.003148 0.871282 0.006047 0.092871
6 0.496094 0.865882 0.992188 0.136471