8 0.803914 0.154844 0.159922 0.215187
0 0.094383 0.588917 0.188766 0.224708
0 0.709258 0.541594 0.043422 0.048979
0 0.381789 0.544010 0.055797 0.056896
0 0.503633 0.535281 0.032016 0.031146
7 0.324102 0.164354 0.043078 0.063875
7 0.639609 0.262927 0.021906 0.076396
7 0.705969 0.267729 0.019844 0.054208
6 0.820883 0.532604 0.016328 0.066417
6 0.840102 0.533510 0.012641 0.060521
0 0.543367 0.538521 0.042109 0.044000
0 0.415133 0.542969 0.031953 0.034687
0 0.694320 0.531281 0.041797 0.050104
0 0.669914 0.532042 0.024203 0.039958
0 0.469805 0.531021 0.015766 0.030458
1 0.096070 0.589885 0.188766 0.240438
6 0.807000 0.533448 0.015781 0.063604
0 0.987063 0.543531 0.025875 0.089396
0 0.663094 0.527490 0.029094 0.038771
0 0.566477 0.531906 0.015953 0.030479
1 0.444688 0.528521 0.038781 0.044792
0 0.435875 0.536458 0.033594 0.038875
0 0.621094 0.532292 0.457813 0.064583