16 0.591562 0.499844 0.066656 0.264646
16 0.281672 0.393979 0.029594 0.101250
16 0.612602 0.299292 0.017953 0.088708
16 0.928133 0.305823 0.021297 0.089979
21 0.508516 0.351219 0.102344 0.129187
21 0.763969 0.420531 0.113969 0.206854
21 0.885688 0.673667 0.227656 0.381500
21 0.581836 0.900115 0.565016 0.172646
21 0.093945 0.806469 0.187891 0.368896
21 0.235281 0.374552 0.060312 0.140979
6 0.303367 0.323219 0.117984 0.229229
6 0.131211 0.545708 0.262422 0.650125
6 0.605461 0.255208 0.048547 0.150250
6 0.823266 0.560594 0.262344 0.615604
6 0.153945 0.335552 0.150422 0.287854
18 0.422492 0.526687 0.085766 0.075083
18 0.455820 0.444792 0.093578 0.065292
18 0.658602 0.571531 0.060984 0.058729
18 0.282789 0.600531 0.063891 0.065188
17 0.526836 0.600677 0.043453 0.084146
17 0.264703 0.442823 0.030344 0.051521
17 0.730469 0.464365 0.032313 0.031729
17 0.407438 0.402750 0.025406 0.036083
17 0.479555 0.393188 0.023047 0.034875
17 0.347453 0.563844 0.044125 0.072396
17 0.680516 0.539271 0.037688 0.068417
17 0.722922 0.518417 0.079906 0.081417
18 0.473508 0.605177 0.068984 0.063437
18 0.521234 0.535906 0.082594 0.067896
17 0.168250 0.497490 0.038969 0.063562
17 0.652336 0.413719 0.027328 0.030771
18 0.217383 0.463750 0.043766 0.039167
18 0.674734 0.446292 0.040281 0.036542
18 0.310969 0.489760 0.104781 0.038104