4 0.214216 0.942827 0.114902 0.069673
0 0.113178 0.836552 0.048121 0.029837
0 0.144608 0.834322 0.032810 0.027141
0 0.220196 0.830490 0.038072 0.025915
0 0.173023 0.834379 0.023824 0.025948
0 0.250547 0.829265 0.026062 0.020817
7 0.651528 0.761062 0.016193 0.016601
4 0.574665 0.862598 0.028546 0.035392
4 0.532892 0.864943 0.047778 0.049265
6 0.476152 0.911560 0.063415 0.176879
4 0.155956 0.947304 0.223905 0.105392
4 0.523480 0.884493 0.046176 0.052647
4 0.233325 0.898668 0.050180 0.037075
4 0.517639 0.895735 0.032859 0.050065
6 0.605735 0.852075 0.016242 0.038954
6 0.583799 0.841454 0.014199 0.051242