0 0.620906 0.537946 0.396594 0.359075
0 0.175375 0.439656 0.203563 0.295269
0 0.432961 0.644398 0.865922 0.711204
0 0.779414 0.434624 0.260172 0.299398
0 0.105305 0.388387 0.181234 0.107871
0 0.467742 0.427462 0.138734 0.125290
0 0.111836 0.526968 0.213891 0.105634
0 0.176273 0.293978 0.143328 0.088043
2 0.142047 0.166290 0.199188 0.301140
6 0.802828 0.717129 0.202437 0.354989
6 0.922102 0.396344 0.073203 0.177118
6 0.860383 0.335656 0.030016 0.155527
0 0.550992 0.284839 0.168328 0.091441
6 0.932000 0.293473 0.030312 0.108151
6 0.961773 0.372882 0.034609 0.227054
6 0.982070 0.379333 0.035859 0.244559
2 0.384508 0.205247 0.191016 0.164043
2 0.300023 0.138505 0.132047 0.162731
1 0.386953 0.197194 0.179594 0.177527
1 0.469930 0.085312 0.103047 0.106624
0 0.110141 0.591882 0.220125 0.105054
0 0.536187 0.390753 0.126469 0.147656
2 0.565102 0.080204 0.091234 0.091505
6 0.991062 0.449032 0.017875 0.125634
0 0.580094 0.310688 0.145219 0.097333
6 0.639578 0.255237 0.046719 0.070172