0 0.683211 0.279918 0.057266 0.072918
0 0.624313 0.224176 0.036094 0.042282
3 0.638609 0.387741 0.027344 0.068612
2 0.446937 0.340447 0.288000 0.680894
2 0.926789 0.282765 0.146422 0.458424
2 0.644242 0.176718 0.055172 0.092212
6 0.095234 0.344294 0.040125 0.151788
6 0.775523 0.301259 0.036266 0.037953
1 0.777836 0.330671 0.152609 0.238706
0 0.617992 0.271094 0.046109 0.081200
6 0.294273 0.257282 0.014234 0.082000
6 0.799563 0.211376 0.011813 0.016824
6 0.642352 0.331000 0.041734 0.092353
4 0.299242 0.286906 0.006828 0.049200