0 0.841844 0.179938 0.314500 0.164042
0 0.635719 0.142187 0.270531 0.114917
0 0.878367 0.079417 0.170484 0.040833
6 0.670781 0.567417 0.475281 0.842708
0 0.574797 0.094563 0.072469 0.039042
0 0.735375 0.089750 0.138437 0.047750
0 0.071789 0.132260 0.058922 0.026479
0 0.396078 0.142375 0.230094 0.126458
0 0.143656 0.135927 0.065281 0.079896
0 0.468164 0.093948 0.119016 0.052896
0 0.258367 0.126312 0.185609 0.130458
0 0.525234 0.111208 0.088813 0.036875
0 0.037070 0.127990 0.030672 0.022729
8 0.358508 0.078521 0.011172 0.019417
6 0.162750 0.577927 0.325500 0.844146