0 0.472742 0.105688 0.029641 0.041917
6 0.251406 0.151010 0.018969 0.058937
6 0.387227 0.140000 0.020578 0.073917
19 0.353359 0.520302 0.706719 0.490812
19 0.697750 0.289896 0.249437 0.202250
19 0.450008 0.240958 0.242047 0.099958
19 0.877812 0.219927 0.153344 0.064687
6 0.432844 0.136781 0.018125 0.067396
6 0.462469 0.127490 0.011656 0.055021
6 0.543164 0.126187 0.011078 0.059625
6 0.568977 0.131354 0.009922 0.031792
0 0.256336 0.112156 0.043953 0.033188
0 0.438555 0.113563 0.057359 0.042583
0 0.605781 0.123219 0.085187 0.040437
0 0.792484 0.093302 0.037844 0.021229
0 0.216461 0.126656 0.064828 0.045063
19 0.030453 0.353646 0.060906 0.124542
0 0.517570 0.101281 0.031172 0.042021
6 0.328180 0.149698 0.018484 0.051146
6 0.356242 0.139917 0.025391 0.068417
6 0.336953 0.128292 0.026906 0.097375
6 0.285305 0.140750 0.023516 0.063875