0 0.206740 0.585391 0.413479 0.429219
0 0.295344 0.391203 0.238812 0.107469
0 0.338292 0.349906 0.176500 0.093344
0 0.568573 0.326055 0.049104 0.034078
0 0.437948 0.326484 0.021729 0.019937
2 0.798281 0.293281 0.403437 0.586125
6 0.620437 0.559500 0.274417 0.492156
6 0.065188 0.358883 0.029667 0.047766
6 0.089490 0.352727 0.032604 0.056172
6 0.117531 0.356867 0.043146 0.043422
6 0.160823 0.352664 0.044729 0.053422
6 0.122552 0.323797 0.012062 0.018094
6 0.105792 0.328992 0.020625 0.024016
6 0.206167 0.332391 0.024750 0.031719
6 0.071490 0.333211 0.024104 0.026266
7 0.576417 0.198914 0.011500 0.023547
7 0.257760 0.265937 0.012354 0.021500
6 0.191990 0.331937 0.021812 0.038781
6 0.169917 0.330242 0.027583 0.030766
1 0.475656 0.311625 0.066979 0.066812
6 0.054333 0.337539 0.019542 0.030266