16 0.905766 0.758760 0.059625 0.198396
16 0.881750 0.740948 0.053281 0.112521
17 0.547063 0.734052 0.037344 0.061021
17 0.577711 0.877469 0.043766 0.053979
17 0.558953 0.839792 0.038312 0.067917
17 0.558320 0.693479 0.036297 0.049708
17 0.294453 0.844896 0.150844 0.207125
17 0.579773 0.932583 0.040453 0.071917
17 0.719781 0.724990 0.074562 0.081896
20 0.375555 0.533771 0.151203 0.241208
17 0.662906 0.813750 0.066406 0.070708
17 0.655617 0.735219 0.052016 0.080563
17 0.946734 0.748427 0.042563 0.085354
17 0.448516 0.829865 0.128281 0.141062
20 0.702492 0.561312 0.152859 0.193333
20 0.963117 0.571146 0.073766 0.161875
20 0.843383 0.529677 0.151047 0.239438
20 0.942766 0.479385 0.110781 0.135771
20 0.779477 0.477042 0.091672 0.141708
20 0.668430 0.460781 0.133266 0.153188
20 0.227352 0.539646 0.166203 0.272583
20 0.539609 0.576625 0.140250 0.166250
20 0.713141 0.312771 0.138563 0.152625
20 0.549102 0.301667 0.139109 0.174875
20 0.389352 0.260760 0.133547 0.253688
18 0.464305 0.721344 0.107797 0.092104
20 0.717969 0.192708 0.479687 0.381250