2 0.460180 0.516853 0.610047 0.764056
2 0.114484 0.561235 0.111469 0.087646
6 0.076305 0.652681 0.032266 0.121259
6 0.122273 0.591923 0.008047 0.018811
6 0.014664 0.628205 0.022953 0.096410
6 0.804023 0.733263 0.041734 0.197576
6 0.028172 0.617354 0.015969 0.073590
6 0.151992 0.662541 0.022953 0.138089
6 0.533281 0.588520 0.076719 0.132611
6 0.139273 0.645828 0.014703 0.113613
6 0.115344 0.645000 0.023969 0.117925
6 0.890188 0.690385 0.020969 0.060443
6 0.780125 0.757751 0.036188 0.239091
7 0.159273 0.514720 0.011234 0.045198
6 0.096891 0.652774 0.019031 0.110816
6 0.901773 0.779336 0.051609 0.258578
6 0.106250 0.639860 0.131250 0.142191