24 0.932320 0.614010 0.135359 0.246104
6 0.565539 0.520250 0.180359 0.686417
16 0.149484 0.396448 0.023375 0.110354
16 0.194523 0.392719 0.024422 0.111188
16 0.386953 0.622135 0.033250 0.168646
16 0.171992 0.393750 0.023766 0.109583
16 0.234633 0.390740 0.021172 0.106188
16 0.306984 0.389125 0.019937 0.103833
16 0.362328 0.384396 0.019906 0.099792
16 0.325883 0.386885 0.017953 0.094229
18 0.281789 0.700750 0.072547 0.056208
16 0.381055 0.385656 0.017797 0.098396
16 0.451836 0.384365 0.020078 0.091979
16 0.344031 0.387833 0.018812 0.098417
16 0.252641 0.390583 0.016781 0.107417
16 0.400437 0.385208 0.021875 0.099458
16 0.522656 0.421875 0.639062 0.185417