24 0.449539 0.180375 0.052578 0.125000
16 0.621586 0.561750 0.118516 0.334375
21 0.904156 0.677646 0.191687 0.622042
21 0.940844 0.329979 0.118313 0.179875
22 0.686414 0.250250 0.101484 0.168875
6 0.342391 0.250063 0.264844 0.358292
6 0.675836 0.394542 0.461797 0.766292
17 0.403680 0.435979 0.057016 0.135542
17 0.464430 0.442594 0.054672 0.129604
18 0.221625 0.821344 0.355625 0.321354
18 0.324242 0.452250 0.058797 0.061750
18 0.228922 0.467792 0.123969 0.095875
17 0.260023 0.573760 0.082703 0.152938
17 0.388070 0.542417 0.046703 0.096083
17 0.323359 0.457010 0.057219 0.061313
21 0.272672 0.301990 0.046437 0.233479