5 0.500000 0.639241 1.000000 0.697313
6 0.565523 0.841379 0.061797 0.248692
6 0.700641 0.791215 0.069688 0.085421
6 0.628453 0.756694 0.034063 0.054463
6 0.768141 0.876659 0.072937 0.200701
6 0.792602 0.803084 0.024016 0.169393
6 0.861648 0.852956 0.083266 0.239556
6 0.920625 0.849334 0.050688 0.226519
6 0.953469 0.830257 0.043844 0.194346
6 0.595750 0.746227 0.034094 0.071005
6 0.616039 0.741227 0.020266 0.062687
6 0.990750 0.834299 0.018500 0.164766
6 0.546438 0.736051 0.016281 0.053645
6 0.831492 0.806752 0.030328 0.196028
6 0.728906 0.781542 0.442188 0.217290