0 0.455648 0.779563 0.898391 0.414333
0 0.938680 0.595229 0.122641 0.171167
0 0.749703 0.547115 0.095844 0.161979
0 0.675055 0.560656 0.048422 0.170188
0 0.681109 0.549635 0.059063 0.170354
2 0.508922 0.535542 0.283656 0.383458
2 0.808836 0.463958 0.145672 0.107125
2 0.340125 0.467917 0.060937 0.224958
6 0.253164 0.519271 0.074828 0.104667
6 0.187078 0.767979 0.209000 0.447208
6 0.138148 0.522625 0.050391 0.095875
6 0.834734 0.660365 0.179531 0.438479
6 0.589242 0.486500 0.068234 0.067833
6 0.096586 0.518500 0.045828 0.102833
1 0.947461 0.442781 0.105078 0.176063
6 0.991141 0.432083 0.017125 0.027792
6 0.263430 0.675115 0.052203 0.097979
0 0.970602 0.611490 0.058797 0.195896
6 0.109078 0.494146 0.026937 0.075958