10 0.746781 0.790363 0.253250 0.419274
16 0.110953 0.769719 0.051844 0.267728
16 0.296953 0.617272 0.040594 0.140398
16 0.314117 0.759368 0.056328 0.217705
16 0.237125 0.794859 0.050000 0.175808
21 0.733375 0.418466 0.214656 0.479227
21 0.925367 0.299157 0.112734 0.251991
6 0.441539 0.494379 0.364328 0.988759
6 0.964031 0.616850 0.071937 0.478665
19 0.300398 0.629848 0.228797 0.124707
20 0.035164 0.752658 0.067859 0.100820
17 0.162391 0.674075 0.056750 0.121171
17 0.221773 0.705867 0.056828 0.121335
18 0.331336 0.477471 0.153359 0.151616
6 0.905562 0.527927 0.188875 0.917166
6 0.068812 0.243946 0.137625 0.487892
20 0.076078 0.721042 0.022875 0.066581
16 0.159031 0.845972 0.050313 0.148150
16 0.278031 0.758852 0.041063 0.145808
6 0.765969 0.232471 0.187156 0.464941