10 0.889242 0.739291 0.077922 0.167815
12 0.313164 0.651734 0.281703 0.496757
12 0.136602 0.632883 0.123203 0.417883
12 0.060609 0.640507 0.061562 0.334212
12 0.520320 0.639054 0.386828 0.544820
6 0.619102 0.660777 0.061797 0.322410
12 0.359320 0.684077 0.129797 0.267703
12 0.250734 0.733255 0.046625 0.113131
6 0.741125 0.580338 0.029875 0.185676
12 0.388078 0.700878 0.024594 0.098784
6 0.472109 0.436633 0.121938 0.392950
6 0.749977 0.589448 0.016547 0.167545
6 0.722078 0.626149 0.027000 0.191306
12 0.443781 0.717376 0.029812 0.103041