0 0.490891 0.450548 0.179563 0.234409
0 0.654180 0.447522 0.211734 0.277637
0 0.557422 0.347939 0.110875 0.116859
2 0.813281 0.264669 0.123625 0.200922
6 0.270484 0.453040 0.212188 0.464640
6 0.883758 0.463660 0.076453 0.401153
6 0.491016 0.291009 0.031687 0.074179
6 0.902242 0.693012 0.195516 0.613977
6 0.959344 0.299769 0.056969 0.211931
6 0.544344 0.238674 0.030938 0.113775
6 0.558586 0.224020 0.026516 0.109539
6 0.653820 0.284135 0.027266 0.044986
6 0.834602 0.359553 0.056047 0.130346
6 0.732789 0.282738 0.009578 0.027089
6 0.673109 0.295303 0.010969 0.019654
3 0.290305 0.649078 0.254672 0.613141
6 0.987734 0.321988 0.024531 0.135216
6 0.621805 0.304063 0.019828 0.036023
6 0.762500 0.544669 0.356250 0.657061