0 0.918260 0.131667 0.138040 0.164333
6 0.933260 0.498774 0.111480 0.319119
6 0.958110 0.815714 0.048140 0.287857
6 0.611790 0.761833 0.048940 0.185524
6 0.655550 0.778286 0.042380 0.129429
6 0.155830 0.344595 0.081340 0.359952
6 0.685470 0.751667 0.024340 0.077048
6 0.653010 0.598607 0.040740 0.116119
6 0.808780 0.780143 0.035480 0.147333
7 0.926960 0.045583 0.007320 0.026405
6 0.929740 0.741143 0.024000 0.136000
6 0.085000 0.366667 0.104000 0.438095
6 0.643200 0.161310 0.112520 0.295857
6 0.901160 0.085845 0.018800 0.033595
6 0.882400 0.088226 0.009840 0.018071
6 0.761000 0.696429 0.474000 0.578571