6 0.641594 0.727125 0.319281 0.545750
6 0.255070 0.565875 0.415547 0.868250
6 0.836375 0.430510 0.029500 0.111604
6 0.688016 0.286958 0.005250 0.016708
6 0.973477 0.405427 0.025578 0.066854
6 0.455586 0.339000 0.004047 0.016917
6 0.897727 0.362021 0.009109 0.030583
6 0.767695 0.438115 0.009703 0.047438
4 0.844469 0.461208 0.077438 0.073583
4 0.886820 0.427958 0.054359 0.048042
6 0.098047 0.552240 0.196094 0.895521
6 0.754305 0.441917 0.021203 0.044083
6 0.697891 0.385094 0.008688 0.041146
6 0.583766 0.392437 0.015250 0.036833