10 0.676766 0.490537 0.214844 0.481869
22 0.617695 0.640864 0.493297 0.602150
0 0.029922 0.294509 0.059844 0.199112
6 0.524750 0.256916 0.045812 0.128645
6 0.424359 0.236764 0.054031 0.151332
0 0.554813 0.268598 0.032500 0.101869
6 0.296648 0.258995 0.028422 0.117991
6 0.311555 0.253388 0.019422 0.104626
6 0.493148 0.253224 0.024984 0.099439
6 0.712445 0.244743 0.024328 0.048318
6 0.771766 0.242991 0.015688 0.035000
6 0.067734 0.304533 0.037187 0.077850
6 0.258328 0.258540 0.041969 0.124229
6 0.786922 0.254638 0.029094 0.059743