0 0.631906 0.504125 0.154312 0.053906
0 0.922937 0.520844 0.152917 0.053750
0 0.038375 0.468953 0.076750 0.072469
3 0.240083 0.491148 0.062708 0.045641
6 0.966969 0.650703 0.066062 0.116063
6 0.956479 0.645914 0.084333 0.110516
6 0.273271 0.547297 0.084083 0.074313
6 0.440719 0.506000 0.066354 0.043875
6 0.520865 0.536758 0.116146 0.183203
6 0.322969 0.640086 0.331187 0.071703
6 0.271312 0.479469 0.042333 0.055250
6 0.111646 0.610719 0.209500 0.123937
6 0.447521 0.585688 0.182875 0.050531
6 0.756135 0.561359 0.155771 0.215750
6 0.142385 0.514227 0.077271 0.050547