12 0.253648 0.804500 0.507297 0.368542
12 0.258000 0.627823 0.156281 0.196021
12 0.754875 0.461979 0.059281 0.051542
12 0.527148 0.514406 0.047516 0.106104
12 0.495031 0.502135 0.035687 0.100104
12 0.631633 0.476031 0.040828 0.099312
12 0.429477 0.521646 0.050266 0.106917
12 0.371570 0.568854 0.086547 0.171833
12 0.379602 0.546354 0.120641 0.171750
12 0.698844 0.466823 0.077688 0.063854
6 0.108250 0.668552 0.211594 0.603104
6 0.222328 0.501396 0.093750 0.192042
6 0.355117 0.495073 0.083484 0.151062
6 0.506391 0.445625 0.026813 0.045583
6 0.629930 0.431510 0.019891 0.032979
6 0.387641 0.452073 0.040344 0.090437
6 0.425625 0.467813 0.038812 0.104250
6 0.700945 0.443979 0.018078 0.075875
6 0.739867 0.440573 0.019172 0.044271
6 0.529070 0.462542 0.033234 0.088208