16 0.354758 0.618754 0.033422 0.165759
16 0.371023 0.607865 0.024641 0.160029
16 0.912891 0.461862 0.019438 0.115473
21 0.053953 0.696117 0.107906 0.311375
21 0.125531 0.579556 0.056250 0.159971
6 0.808781 0.610917 0.223031 0.778166
6 0.170336 0.452235 0.147047 0.368539
18 0.324820 0.578223 0.033422 0.022579
16 0.460156 0.560315 0.020188 0.097364
16 0.438281 0.439398 0.016344 0.083324
21 0.249273 0.508281 0.049703 0.123037
11 0.065359 0.631089 0.078313 0.170716
24 0.362734 0.496476 0.038344 0.062120
16 0.376602 0.568997 0.008359 0.033754