5 0.541203 0.551573 0.917594 0.255604
0 0.664398 0.640583 0.104172 0.129125
6 0.293273 0.692031 0.052922 0.131562
6 0.627406 0.817500 0.341375 0.365000
6 0.082563 0.862427 0.163594 0.275146
6 0.901125 0.739146 0.067625 0.173750
6 0.129578 0.664219 0.024562 0.082229
6 0.108805 0.678708 0.020578 0.088417
6 0.088203 0.672146 0.028656 0.072750
6 0.255109 0.698708 0.038437 0.101958
6 0.388383 0.848958 0.213891 0.300083
6 0.235836 0.608333 0.024891 0.060333
6 0.196945 0.641000 0.011391 0.058417
6 0.187719 0.669021 0.022625 0.091375
6 0.208016 0.656281 0.014031 0.073312
1 0.662742 0.632646 0.113578 0.123792
6 0.567969 0.646875 0.857812 0.110417