6 0.932063 0.567152 0.132062 0.573981
17 0.504094 0.839183 0.183250 0.201634
17 0.806320 0.425032 0.082953 0.084854
18 0.209523 0.330704 0.091078 0.122832
18 0.707555 0.384571 0.079484 0.080016
18 0.805680 0.424126 0.081766 0.079579
18 0.457508 0.466594 0.088391 0.093673
21 0.041602 0.237136 0.083203 0.192071
17 0.651531 0.850995 0.196906 0.198786
17 0.706523 0.382346 0.078922 0.084434
17 0.592773 0.357969 0.080484 0.080210
18 0.306820 0.382759 0.095016 0.119790
18 0.592195 0.359919 0.078953 0.080906
6 0.445562 0.115550 0.443656 0.231100