21 0.463414 0.887094 0.094016 0.148646
6 0.704195 0.797448 0.174203 0.405104
6 0.554656 0.851771 0.144531 0.296458
6 0.913766 0.769667 0.172469 0.460667
10 0.244023 0.737240 0.033203 0.043854
6 0.440242 0.846552 0.191328 0.273187
6 0.543078 0.711469 0.048375 0.131229
6 0.596734 0.721313 0.035281 0.100750
6 0.286727 0.713396 0.033109 0.104083
6 0.521867 0.688365 0.015672 0.044354
6 0.414891 0.702229 0.017375 0.074125
6 0.215648 0.707365 0.029359 0.105813
6 0.629320 0.754302 0.056578 0.116854
6 0.338070 0.683396 0.010297 0.039750
10 0.391430 0.742583 0.047984 0.043292
6 0.029734 0.747958 0.059469 0.392750
21 0.598703 0.927281 0.066812 0.145437
6 0.472656 0.787500 0.760938 0.316667