0 0.552312 0.772383 0.056531 0.083255
1 0.928555 0.728906 0.081922 0.071823
1 0.462133 0.768607 0.072203 0.103568
7 0.520445 0.393255 0.021578 0.107865
7 0.190602 0.321667 0.024453 0.120625
7 0.371570 0.399440 0.017328 0.106693
7 0.654445 0.425833 0.016828 0.075677
7 0.778672 0.417461 0.016844 0.070182
7 0.791539 0.419883 0.012234 0.063568
7 0.158414 0.333542 0.027422 0.104531
7 0.197930 0.337370 0.026109 0.104740
7 0.759664 0.419896 0.017578 0.070990
7 0.206961 0.601198 0.015422 0.063073
7 0.189875 0.647930 0.012344 0.036484
7 0.954375 0.625104 0.017750 0.034479
0 0.974773 0.735990 0.050453 0.045625
0 0.398172 0.766602 0.018844 0.044036
7 0.963227 0.732917 0.009172 0.019427
7 0.402344 0.654948 0.407813 0.096354