6 0.645438 0.582019 0.465188 0.750563
16 0.241609 0.716561 0.020094 0.069460
21 0.666586 0.081491 0.098078 0.052277
6 0.191461 0.204495 0.140609 0.161808
6 0.946898 0.145622 0.106203 0.242136
6 0.463898 0.438697 0.163203 0.615282
6 0.990586 0.388908 0.018828 0.090352
6 0.417852 0.636268 0.048734 0.083239
21 0.463813 0.074930 0.095094 0.052864
21 0.373094 0.121948 0.106781 0.054413
21 0.724102 0.244437 0.110078 0.043944
21 0.577063 0.129742 0.101781 0.054460
21 0.288836 0.178756 0.108641 0.062160
21 0.793500 0.182430 0.079719 0.062981
21 0.855039 0.412230 0.101078 0.289577
21 0.828242 0.249178 0.114578 0.081362
21 0.785570 0.144894 0.102328 0.089085
21 0.548672 0.027300 0.099531 0.046714
6 0.943602 0.559437 0.112797 0.246761
21 0.482359 0.124143 0.085625 0.059366
6 0.713008 0.372042 0.090734 0.185258
6 0.155313 0.619754 0.159406 0.271620
6 0.088969 0.207230 0.102500 0.142629
6 0.332039 0.572077 0.092734 0.222465
6 0.867531 0.144272 0.090406 0.190986
6 0.052867 0.638110 0.097172 0.225423
21 0.704555 0.184883 0.109141 0.056103
21 0.499219 0.257042 0.998437 0.514085