4 0.451523 0.562977 0.155516 0.229355
4 0.633203 0.717566 0.353844 0.395718
0 0.752266 0.302478 0.314000 0.170117
6 0.467555 0.489883 0.120922 0.449443
6 0.755687 0.417434 0.091219 0.315161
6 0.616031 0.643768 0.204750 0.696628
6 0.570344 0.346085 0.063781 0.188123
6 0.421461 0.457097 0.081766 0.347683
6 0.216984 0.416408 0.091156 0.265367
6 0.314773 0.388299 0.088172 0.299355
6 0.064578 0.313431 0.036938 0.085572
6 0.947609 0.516745 0.104781 0.574311
6 0.041367 0.411642 0.067547 0.212317
6 0.522508 0.366173 0.051109 0.148592
6 0.102422 0.370674 0.040281 0.207918
3 0.886289 0.656994 0.133797 0.216100
3 0.725992 0.554619 0.159734 0.203314
3 0.821195 0.514765 0.106547 0.222141
3 0.454391 0.559648 0.180625 0.239765
3 0.318109 0.403856 0.126500 0.205601
3 0.142437 0.468284 0.038500 0.099560
3 0.632953 0.761891 0.350375 0.322669
3 0.110508 0.406129 0.050547 0.119531
3 0.229023 0.504003 0.117672 0.175161
3 0.049672 0.442478 0.062813 0.131466
6 0.159602 0.374677 0.051328 0.233226
3 0.507203 0.455088 0.074094 0.141320
6 0.457031 0.436950 0.898438 0.434018