2 0.468859 0.538740 0.823438 0.374854
9 0.913148 0.582708 0.069422 0.037458
6 0.516453 0.666740 0.074750 0.296979
6 0.419820 0.667135 0.069297 0.286479
6 0.296250 0.656885 0.060375 0.234229
6 0.845367 0.672813 0.060516 0.290208
6 0.789813 0.670740 0.047687 0.284896
6 0.466547 0.640458 0.047344 0.220917
6 0.384641 0.645115 0.042750 0.192062
6 0.097969 0.627250 0.057437 0.243250
6 0.760883 0.654281 0.018984 0.201729
6 0.719375 0.662135 0.050125 0.227729
6 0.348531 0.655198 0.044750 0.292854
6 0.235148 0.640781 0.044484 0.211021
9 0.031641 0.697042 0.063281 0.024458
6 0.035500 0.664990 0.071000 0.188812
6 0.317188 0.656250 0.034375 0.225000