5 0.849375 0.363270 0.215875 0.112044
5 0.382883 0.403406 0.382891 0.222943
5 0.200375 0.323025 0.070875 0.047193
5 0.865312 0.425286 0.266750 0.296621
5 0.105461 0.341485 0.082453 0.063569
6 0.633227 0.377439 0.021828 0.065886
5 0.528289 0.321567 0.146797 0.147221
5 0.708156 0.289591 0.081156 0.033515
5 0.123477 0.380695 0.223953 0.211635
5 0.319992 0.360504 0.127422 0.083951
5 0.618797 0.294837 0.101313 0.034905
5 0.889844 0.279305 0.049906 0.035177
5 0.963188 0.277589 0.069688 0.034251
6 0.639023 0.370790 0.015578 0.030572
1 0.635102 0.405422 0.122828 0.074332