16 0.139039 0.310258 0.084828 0.233255
16 0.180211 0.303267 0.057297 0.213232
16 0.783211 0.485398 0.036609 0.090000
6 0.700148 0.653970 0.143359 0.424660
18 0.151016 0.694824 0.284000 0.317564
19 0.290312 0.595585 0.236656 0.251030
16 0.764414 0.574614 0.045078 0.106604
17 0.787820 0.658091 0.042609 0.068970
18 0.352383 0.488700 0.056703 0.048267
21 0.673430 0.845785 0.093328 0.129133
6 0.433945 0.574391 0.349047 0.851218
6 0.609094 0.548876 0.412312 0.870773
18 0.338766 0.358630 0.113187 0.150796
18 0.899383 0.648981 0.047922 0.064473