3 0.618344 0.523813 0.218719 0.489792
6 0.610484 0.428490 0.227406 0.503229
6 0.906883 0.622146 0.122484 0.201333
6 0.780391 0.419417 0.080125 0.205250
6 0.910953 0.435958 0.099437 0.265167
6 0.225305 0.488865 0.048703 0.097979
6 0.162445 0.516740 0.053172 0.062854
6 0.082859 0.500333 0.063406 0.104542
6 0.276734 0.470677 0.065625 0.103021
6 0.451500 0.470281 0.033844 0.065354
6 0.836000 0.413042 0.042750 0.147250
6 0.364430 0.477167 0.023672 0.083875
8 0.076281 0.389563 0.053937 0.072917
6 0.043141 0.517625 0.051500 0.103833
4 0.749703 0.577625 0.084219 0.187792
24 0.193563 0.437521 0.071719 0.082208
0 0.299969 0.456417 0.137125 0.086708
6 0.017336 0.534646 0.034234 0.063625
6 0.485156 0.445833 0.967187 0.220833