6 0.570336 0.426010 0.074828 0.219104
6 0.827961 0.545438 0.082391 0.178917
6 0.201828 0.502969 0.069469 0.210062
6 0.237844 0.480344 0.056594 0.185437
6 0.153891 0.404167 0.049594 0.190083
6 0.063750 0.399021 0.060375 0.212042
6 0.017711 0.400750 0.035422 0.189500
6 0.145898 0.516750 0.063328 0.187625
6 0.335352 0.218833 0.020547 0.074375
6 0.426297 0.207479 0.021344 0.066625
1 0.553414 0.168927 0.073109 0.059771
9 0.500086 0.222177 0.117766 0.039771
6 0.526477 0.185646 0.020547 0.065500
6 0.356102 0.190927 0.021797 0.066396
6 0.345945 0.191146 0.018328 0.054792
6 0.564844 0.202083 0.045312 0.066667