16 0.924953 0.458124 0.100125 0.338392
6 0.355680 0.551492 0.548203 0.897016
6 0.455375 0.138566 0.187531 0.274848
6 0.326484 0.061760 0.097781 0.117646
6 0.789937 0.089114 0.056375 0.178228
6 0.873250 0.081807 0.044781 0.163613
9 0.742523 0.642657 0.514953 0.705734
9 0.448133 0.391014 0.070797 0.238205
9 0.900813 0.179266 0.152406 0.053357
6 0.963141 0.025688 0.029656 0.051142
6 0.983727 0.051212 0.032172 0.100140
6 0.764023 0.071515 0.028672 0.143030
6 0.826477 0.095490 0.060422 0.190979
6 0.205492 0.092751 0.054141 0.183683
6 0.923039 0.048019 0.055641 0.095105
9 0.968406 0.239207 0.057000 0.042517
6 0.220320 0.063660 0.055797 0.127319
9 0.442859 0.722704 0.113719 0.294732
6 0.613070 0.061200 0.063984 0.121748