0 0.678430 0.703813 0.079828 0.074875
0 0.497703 0.659365 0.030969 0.046354
0 0.266883 0.680906 0.065766 0.068146
0 0.330359 0.678490 0.055875 0.052813
0 0.858703 0.802250 0.278094 0.229208
6 0.802133 0.826448 0.319516 0.327354
6 0.749133 0.698490 0.021359 0.058771
6 0.449945 0.660812 0.014984 0.035333
3 0.746727 0.713302 0.022797 0.046688
3 0.121664 0.667927 0.038547 0.027229
3 0.235664 0.654260 0.011672 0.026562
3 0.222133 0.651354 0.019047 0.035208
3 0.205203 0.647240 0.020969 0.035604
3 0.449734 0.673563 0.011125 0.023250
6 0.461969 0.644271 0.007531 0.017083
3 0.636398 0.954615 0.053703 0.072021
6 0.968828 0.896292 0.062094 0.206833
6 0.480844 0.650094 0.010562 0.029104
0 0.596883 0.650771 0.021609 0.035333
0 0.929516 0.675854 0.057969 0.033708
3 0.372766 0.683937 0.018812 0.023542
3 0.386813 0.668229 0.018594 0.017208
3 0.470062 0.661448 0.008625 0.018313
3 0.461422 0.654271 0.007562 0.019750
3 0.573930 0.646573 0.005266 0.009229
3 0.185805 0.649781 0.022422 0.032604
3 0.143750 0.640625 0.062500 0.043750