0 0.972059 0.573252 0.055882 0.051242
0 0.954036 0.535858 0.091928 0.032859
0 0.872859 0.536405 0.056797 0.032908
0 0.089518 0.553554 0.036552 0.027402
2 0.520221 0.546070 0.716846 0.444951
6 0.100899 0.770400 0.201797 0.434984
6 0.260923 0.776609 0.197761 0.433709
6 0.214232 0.620874 0.081536 0.094886
6 0.215131 0.600703 0.088497 0.082974
6 0.149665 0.635572 0.096977 0.182418
6 0.042459 0.541397 0.082598 0.052925
6 0.105989 0.804387 0.150997 0.278644
6 0.453938 0.779771 0.314608 0.417974
6 0.598987 0.511814 0.048333 0.051176