0 0.131289 0.615365 0.160984 0.121063
2 0.508984 0.489885 0.771906 0.975271
2 0.943820 0.510115 0.107859 0.242688
6 0.686586 0.767771 0.156391 0.464458
6 0.525336 0.716219 0.074328 0.391896
6 0.913484 0.656177 0.124719 0.211229
6 0.940133 0.746073 0.118141 0.395146
6 0.283578 0.572885 0.070719 0.161021
6 0.745117 0.584979 0.033922 0.092417
6 0.622687 0.587146 0.027469 0.101083
0 0.168406 0.667083 0.189000 0.227667
6 0.050297 0.592615 0.021000 0.070312
6 0.822555 0.568563 0.026984 0.068458
6 0.591938 0.207302 0.046875 0.082188
6 0.020344 0.596698 0.009500 0.016146