8 0.513219 0.051719 0.113469 0.103438
17 0.535203 0.739552 0.067875 0.119896
6 0.368664 0.630354 0.651359 0.739292
6 0.476859 0.672146 0.335437 0.655708
6 0.852187 0.413667 0.119219 0.220583
6 0.793820 0.476406 0.158422 0.148312
6 0.540695 0.369344 0.212547 0.208813
16 0.159938 0.258104 0.018125 0.073167
16 0.238930 0.251833 0.008734 0.028333
16 0.045078 0.435312 0.020406 0.070208
16 0.105992 0.400771 0.006984 0.023708
16 0.125187 0.361031 0.021250 0.092479
16 0.097266 0.381885 0.022656 0.047396
16 0.163086 0.356312 0.020047 0.090125
16 0.068633 0.378437 0.018672 0.047625
16 0.019586 0.257417 0.025891 0.088208
16 0.183547 0.270677 0.014156 0.042646
16 0.147633 0.316792 0.024766 0.051625
17 0.138656 0.443427 0.015531 0.026521
17 0.153438 0.440792 0.009125 0.028125
21 0.680477 0.675271 0.117859 0.164583
6 0.625820 0.374146 0.072016 0.191292
6 0.939836 0.359604 0.093547 0.111042
6 0.913359 0.681823 0.170594 0.596021
6 0.701641 0.488125 0.120656 0.229042
6 0.942508 0.868667 0.113203 0.262667
6 0.348859 0.469115 0.077937 0.114854
16 0.079273 0.327604 0.035672 0.073625
17 0.184812 0.435198 0.018531 0.032104
16 0.144641 0.358813 0.021406 0.088083
17 0.021914 0.450656 0.007391 0.016437
6 0.727609 0.764531 0.375969 0.470938
16 0.303906 0.242708 0.604688 0.485417