12 0.249970 0.642913 0.099060 0.401021
21 0.858530 0.840060 0.061100 0.193453
0 0.186490 0.551171 0.052460 0.124745
0 0.622690 0.492898 0.086460 0.060270
0 0.708640 0.518273 0.034000 0.049099
2 0.497250 0.456802 0.175380 0.161111
12 0.350960 0.654369 0.139200 0.402252
9 0.070430 0.560045 0.053900 0.065616
6 0.571070 0.715901 0.106580 0.535345
6 0.455440 0.664159 0.171560 0.405135
6 0.753080 0.682568 0.076920 0.419309
6 0.883280 0.561817 0.048840 0.172222
6 0.136330 0.670240 0.075980 0.404925
0 0.671520 0.480105 0.026840 0.017508
7 0.395140 0.418769 0.014160 0.034114
6 0.060690 0.489324 0.022260 0.060691
6 0.038650 0.549805 0.024580 0.088739
6 0.969300 0.530886 0.032560 0.171441
6 0.688450 0.711231 0.077820 0.447207
6 0.799640 0.642372 0.076160 0.365465
6 0.949530 0.821261 0.100940 0.356096
6 0.877630 0.728754 0.108060 0.252402
6 0.939420 0.517282 0.029320 0.128258
6 0.514000 0.627628 0.936000 0.450450