0 0.806740 1.003984 0.726904 0.960156
0 1.328423 0.550734 1.000000 0.464969
21 0.223231 0.566750 0.204538 0.401031
21 0.357413 0.563625 0.296712 0.402250
21 0.630731 0.560164 0.481385 0.400547
21 0.761577 0.743523 0.580231 0.525141
21 0.439731 0.629562 0.357423 0.451219
21 0.304644 0.621031 0.267788 0.440906
21 0.158885 0.629117 0.166077 0.444078
21 0.084904 0.569766 0.117808 0.403219
21 1.248356 0.749352 0.911096 0.548047
21 0.989413 0.671422 0.725673 0.470125
21 0.924567 0.742148 0.682250 0.523172
21 0.736192 0.596258 0.576000 0.478141
21 0.487606 0.577391 0.387519 0.428187
21 0.500962 0.625000 0.998077 0.556250