6 0.763250 0.715433 0.927406 0.795925
0 0.423469 0.770281 0.333344 0.717283
0 0.130305 0.710585 0.169547 0.710585
0 0.313086 0.579450 0.233047 0.426674
0 0.916445 0.613162 0.649109 0.487026
0 0.326406 0.755667 0.264531 0.624918
0 0.254758 0.624602 0.200359 0.520164
0 0.466680 0.576194 0.332453 0.448454
0 0.569859 0.597775 0.404937 0.470960
0 1.294969 0.890187 1.000000 1.000000
0 1.233828 0.652892 0.844469 0.475152
0 0.500578 0.615258 0.363437 0.509157
0 0.354453 0.621019 0.265750 0.520632
0 0.226906 0.571710 0.163719 0.419485
0 0.092969 0.690867 0.185938 0.679157