16 0.264211 1.148750 0.210828 0.852417
16 0.467758 1.362708 0.361922 0.998333
0 0.746641 0.613615 0.635656 0.616854
0 0.230391 0.906958 0.457406 0.894625
19 0.664516 1.130667 0.568125 0.829375
18 0.451133 1.366917 0.450672 1.000000
21 0.941977 1.233812 0.752016 0.922083
21 1.160258 1.314594 0.821047 0.992229
21 0.469984 1.032406 0.393344 0.830479
0 1.087031 1.006521 1.000000 1.000000
16 0.274375 1.317271 0.235875 1.000000
21 1.100703 1.070031 0.811750 0.775021
18 1.373469 1.453875 1.000000 1.000000