4 1.071672 0.868471 1.000000 0.891909
0 0.758687 0.881334 0.530562 0.666616
0 1.039094 1.150336 0.734906 0.956074
0 0.354414 0.995911 0.285922 0.807093
0 0.933102 0.799967 0.641328 0.572126
0 0.552531 0.815380 0.385031 0.609892
0 0.508586 0.798861 0.354859 0.600976
0 0.358898 0.793503 0.254422 0.603796
0 0.593758 0.763980 0.405266 0.536464
0 0.884617 0.929219 0.613484 0.743818
0 1.015570 1.047430 0.711016 0.833080
4 0.303430 0.640868 0.258266 0.493536
0 0.225438 0.896204 0.182406 0.651063
0 0.659039 0.859631 0.459484 0.654360
0 0.397656 0.732104 0.595313 0.635575