1 1.045422 1.292758 0.709906 0.905657
0 0.898719 1.177735 0.626344 0.907723
0 1.032398 1.217711 0.712766 0.896925
0 0.011078 1.142077 0.021938 0.818944
0 0.179344 1.191913 0.134781 0.805235
0 0.376086 1.183768 0.262016 0.812653
0 0.450617 1.209190 0.309047 0.824014
0 0.460742 1.148545 0.316109 0.790047
0 0.505055 1.145188 0.350234 0.793615
0 0.593938 1.182289 0.410219 0.810728
0 0.427555 1.174812 0.296891 0.803521
0 1.167133 1.139108 0.792172 0.833991
0 0.298828 1.164918 0.211656 0.796784
1 1.029258 1.248028 0.715766 0.841268
0 0.539742 1.133052 0.371172 0.779953
0 0.499219 1.124413 0.970313 0.840376