5 0.987969 0.256174 0.842125 0.247183
0 0.709000 0.565176 0.568406 0.689883
0 0.603906 0.575505 0.433812 0.439789
0 0.188875 0.795329 0.144687 0.613803
0 0.181141 0.771643 0.152125 0.604977
0 0.125195 0.790293 0.106328 0.591291
2 0.121266 1.070211 0.190594 0.857042
2 0.055156 0.787969 0.110312 0.640117
2 0.368703 0.670223 0.309625 0.527723
0 0.529586 0.558380 0.375641 0.422535
2 0.007047 0.458815 0.014094 0.348239
2 0.306109 0.444800 0.263313 0.361620
2 0.113281 0.426725 0.146469 0.357300
2 0.846391 0.542535 0.629437 0.429437
2 1.154828 0.638521 0.860031 0.533146
2 0.982164 0.432371 0.704016 0.351455
2 0.469039 0.813592 0.381453 0.638592
2 0.477203 0.499366 0.385000 0.419343
2 1.038430 0.523932 0.761578 0.429178
2 0.048414 0.570129 0.093359 0.459742
2 0.507031 0.647887 0.998437 0.802817