16 0.919953 0.602740 0.621656 0.439146
16 0.882867 0.614427 0.595734 0.438688
16 0.867516 0.605938 0.585688 0.442208
16 0.903664 0.611375 0.609953 0.441250
16 1.031008 0.908802 0.706422 0.649438
16 1.093141 0.921448 0.739094 0.665063
16 0.944539 0.523062 0.639484 0.372458
16 0.883844 0.440167 0.600156 0.314500
16 0.955828 0.430844 0.647406 0.309104
16 0.981234 0.427625 0.665250 0.308500
21 0.491000 1.352417 0.485000 1.000000
17 0.364539 0.752448 0.270922 0.530521
17 0.286648 0.760365 0.215297 0.534021
17 0.430039 0.743865 0.307672 0.518312
17 0.476516 0.731406 0.338500 0.509146
18 1.230391 0.703156 0.878750 0.483396
17 0.390727 0.746000 0.283109 0.526833
17 1.213977 0.441583 0.825359 0.324083
17 1.260219 0.451313 0.855969 0.319917
17 1.191086 0.466917 0.800578 0.322667
17 0.411766 0.654698 0.293000 0.462646
17 0.325492 0.750208 0.232953 0.528208
18 1.208617 0.666031 0.836141 0.450521
18 1.228367 0.689510 0.878172 0.465521
18 1.234227 0.678677 0.877016 0.459729
18 1.231336 0.670979 0.878828 0.455750
18 0.860938 0.545083 0.587875 0.375958