0 0.740570 0.500000 0.728891 1.000000
0 1.056508 0.585375 0.745578 0.546253
0 1.124078 0.541874 0.779344 0.429368
20 0.491289 1.337307 0.389172 1.000000
20 0.620234 1.322002 0.471219 0.985925
20 0.270859 1.068056 0.243625 0.821780
20 0.590859 1.029052 0.465031 0.772998
20 0.458492 1.058864 0.363641 0.803770
20 0.527609 0.774016 0.386969 0.631218
20 0.312906 1.328220 0.271687 1.000000
20 0.318609 0.781956 0.264937 0.627283
20 0.157812 1.288372 0.165844 0.971358
20 0.434328 0.776874 0.348187 0.612529
20 0.409875 0.519215 0.356344 0.450468
20 1.127180 1.293349 0.799766 0.970445
20 1.240273 1.322330 0.880891 0.999602
20 0.917188 1.276347 0.978125 0.997658