12 0.634039 0.821236 0.458828 0.652139
12 0.215906 0.791306 0.176469 0.583000
12 0.456273 0.743417 0.329953 0.523222
0 1.165227 0.699708 0.816766 0.577083
0 0.550875 0.537903 0.423469 0.674361
0 0.704703 0.560750 0.532156 0.686944
0 0.799516 0.741139 0.579313 0.659222
0 0.814625 0.752181 0.624344 0.670472
0 0.174438 0.538194 0.171906 0.640444
0 1.120578 0.513569 0.792563 0.592583
0 0.980625 0.612792 0.712844 0.510083
0 0.044125 0.611569 0.088094 0.610194
0 1.345812 0.520306 0.944250 0.576556
0 0.473391 0.617597 0.334281 0.536306
2 0.913805 0.673750 0.635453 0.472500
0 0.334680 0.584361 0.260516 0.651167
0 0.395086 0.631403 0.282891 0.542306
12 0.622477 0.721889 0.425859 0.505444
2 0.907133 0.648250 0.621734 0.445611
12 0.465320 0.857750 0.358859 0.629944