5 0.442297 0.440445 0.659688 0.710117
0 1.418516 0.769801 1.000000 0.773560
0 1.336727 0.635984 0.907828 0.485738
0 1.271922 0.632014 0.861750 0.471616
0 0.159313 0.752927 0.120500 0.604309
0 1.249266 0.637260 0.841594 0.478595
0 0.109219 0.710141 0.090969 0.528150
7 0.901617 0.339087 0.607516 0.252459
7 0.925578 0.340363 0.625375 0.254215
7 1.217016 0.360597 0.818594 0.266628
0 1.152031 0.646311 0.777781 0.475199
0 1.187805 0.637881 0.806516 0.483021
0 1.231516 0.630433 0.829719 0.470468
0 0.044227 0.708138 0.045703 0.529063
7 1.224875 0.527775 0.824062 0.370258
7 1.075023 0.600410 0.721766 0.408735
7 1.115039 0.580433 0.748797 0.397260
0 0.991297 0.652436 0.667469 0.462108
0 1.024180 0.652939 0.690797 0.456511