8 0.293445 0.106979 0.299203 0.211083
6 1.346281 0.382323 1.000000 0.690312
0 0.186453 0.472354 0.275969 0.838375
0 0.964734 0.749896 0.659906 0.576167
0 0.988266 0.767500 0.669219 0.559625
0 0.779281 0.765802 0.532594 0.545063
0 0.875906 0.767115 0.594000 0.547771
0 0.798719 0.760052 0.538031 0.531771
2 0.489367 0.762510 0.351641 0.540188
2 0.431516 0.756646 0.320844 0.559708
2 0.926023 0.777333 0.640266 0.545125
6 0.290734 0.767427 0.244375 0.591021
6 0.361914 0.756792 0.294578 0.568583
6 0.045508 0.728083 0.091016 0.633708
0 1.006133 0.767042 0.676516 0.534000
0 1.027461 0.767510 0.697922 0.561021
2 0.474430 0.765313 0.328609 0.541875
6 1.157805 0.737260 0.841828 0.557021