2 0.969789 1.009555 0.713672 0.743656
7 0.705844 0.866937 0.480031 0.606206
7 0.756102 0.849289 0.516266 0.615138
0 0.888445 1.082945 0.637266 0.900316
0 0.663133 0.998399 0.458359 0.720474
0 0.467164 0.986966 0.324797 0.711285
0 0.499555 0.999387 0.347141 0.703992
2 1.069688 1.013538 0.754188 0.731186
0 0.397375 1.002698 0.280125 0.731482
7 1.015312 0.876640 0.683688 0.602213
7 1.052773 0.863132 0.708359 0.592036
7 0.687109 0.927757 0.461813 0.624051
7 1.153297 0.871561 0.779000 0.611818
0 0.483859 1.005879 0.328813 0.703735
2 1.141211 1.013330 0.815016 0.715158
6 0.850031 0.966630 0.594156 0.693024
6 1.298437 0.989150 0.960437 0.744308
6 0.757508 0.963666 0.546203 0.679150
7 0.710789 0.914022 0.481641 0.615593