21 0.272187 1.219094 0.298313 0.982021
21 0.082586 1.189885 0.161797 0.986521
21 0.054109 1.083656 0.107344 0.839771
0 0.519422 0.578271 0.474656 0.537167
0 0.370461 0.573271 0.299953 0.476875
0 0.021211 0.542563 0.040953 0.469917
17 0.643687 0.901885 0.456656 0.653396
17 0.234898 0.738823 0.175203 0.521479
17 0.865438 0.981115 0.596000 0.690646
17 0.465102 0.811917 0.324547 0.567500
17 0.342164 0.760156 0.249422 0.538729
17 0.142961 0.631094 0.121641 0.455396
17 0.169484 0.589760 0.121687 0.403313
17 0.894953 0.977687 0.616156 0.689625
17 0.493172 0.804948 0.342187 0.562979
17 0.089867 0.613229 0.071641 0.417625
17 1.229930 1.152542 0.860672 0.833958
17 0.083070 0.650760 0.069016 0.457021
17 0.387461 0.716719 0.275391 0.503021
24 0.049484 0.389615 0.072250 0.361313
22 0.343062 0.581802 0.263937 0.444479
22 0.953141 0.793385 0.999375 0.779354
17 0.179688 0.630208 0.221875 0.527083