5 1.039328 1.055052 1.000000 0.986521
0 0.452344 1.230917 0.334219 0.889500
0 0.766969 1.268385 0.529125 0.954354
0 1.050000 1.121802 0.715281 0.766354
0 1.040367 1.138208 0.712578 0.781792
0 1.061000 1.115677 0.716688 0.758729
6 0.264461 0.784573 0.525516 0.993188
0 1.142313 1.149042 0.772219 0.780958
0 1.308039 1.143406 0.886203 0.780813
0 1.410234 1.133240 0.952688 0.782396
0 0.329719 1.190615 0.258375 0.920521
0 1.270703 1.145500 0.859812 0.786042
0 1.107766 1.082729 0.745719 0.739667
0 1.025008 1.145292 0.696328 0.786708
0 1.103609 1.114729 0.749375 0.766958
0 0.789062 1.223958 0.750000 0.914583